Nama Wisata,Escape,Relaxation,Play,Strenghthening family bonds,Prestige,Social Interaction,Romance,Educational Opportunity,Self-fulfilment,Wish-fulfiment,Lingkungan,Infrastruktur,Fasilitas,Akomodasi,Aktivitas Wisata,Makan Bersama,Berolahraga,Belajar,Berinteraksi dengan satwa,Mengambil Foto,Beribadah,Berkemah,Melihat Pemandangan,Berbelanja,Kampung Pecinaan Kapasan Dalam
Tunjungan Plaza,1,1,1,1,1,1,1,1,1,0,1,1,1,1,"Makan Bersama, Berolahraga, Mengambil Foto, Beribadah, Berbelanja",1,1,0,0,1,1,0,0,1,0
Tunjungan Plaza,1,1,1,1,1,1,1,0,0,1,1,1,1,1,"Makan Bersama, Mengambil Foto, Beribadah, Berbelanja",1,0,0,0,1,1,0,0,1,0
Tunjungan Plaza,1,0,1,1,1,1,1,0,0,0,1,1,1,1,"Makan Bersama, Belajar, Mengambil Foto, Berbelanja",1,0,1,0,1,0,0,0,1,0
Tunjungan Plaza,1,1,1,1,0,0,1,1,1,0,1,1,1,1,"Makan Bersama, Mengambil Foto, Berbelanja",1,0,0,0,1,0,0,0,1,0
Tunjungan Plaza,1,1,1,1,0,1,1,0,0,0,1,1,0,0,"Makan Bersama, Berolahraga, Mengambil Foto, Berbelanja",1,1,0,0,1,0,0,0,1,0
Tunjungan Plaza,1,1,1,1,1,1,0,1,1,0,1,1,1,1,"Makan, Belajar, Mengambil Foto",1,0,1,0,1,0,0,0,0,0
Tunjungan Plaza,1,0,1,1,1,1,0,1,0,0,1,1,1,1,Belajar,0,0,1,0,0,0,0,0,0,0
Tunjungan Plaza,1,0,1,1,0,0,1,0,0,1,1,1,1,1,"Makan, Belajar",1,0,1,0,0,0,0,0,0,0
Tunjungan Plaza,1,1,0,1,1,1,0,1,1,1,1,1,1,1,Belajar,0,0,1,0,0,0,0,0,0,0
Tunjungan Plaza,1,1,1,1,1,1,0,1,1,0,1,1,1,1,"Belajar, Mengambil Foto",0,0,1,0,1,0,0,0,0,0
Tunjungan Plaza,1,1,0,1,1,1,0,1,1,1,1,1,1,1,Belajar,0,0,1,0,0,0,0,0,0,0
Tunjungan Plaza,1,1,1,1,1,1,1,1,1,1,1,1,1,1,"Belajar, Mengambil Foto",0,0,1,0,1,0,0,0,0,0
Tunjungan Plaza,1,1,1,1,0,0,1,1,1,0,1,1,1,1,"Belajar, Mengambil Foto",0,0,1,0,1,0,0,0,0,0
Tunjungan Plaza,1,1,1,1,1,1,1,0,1,1,1,1,0,1,Mengambil Foto,0,0,0,0,1,0,0,0,0,0
Tunjungan Plaza,1,1,1,1,1,1,1,1,1,1,1,1,0,1,"Belajar, Mengambil Foto",0,0,1,0,1,0,0,0,0,0
Tunjungan Plaza,1,1,1,0,1,1,1,1,1,1,0,1,1,1,Belajar,0,0,1,0,0,0,0,0,0,0
Tunjungan Plaza,1,1,0,1,0,1,1,0,1,1,1,1,1,1,"Belajar, Mengambil Foto",0,0,1,0,1,0,0,0,0,0
Tunjungan Plaza,1,1,1,1,0,1,1,0,0,0,1,1,1,1,Mengambil Foto,0,0,0,0,1,0,0,0,0,0
Tunjungan Plaza,1,0,1,0,0,1,1,1,1,1,0,1,1,1,Mengambil Foto,0,0,0,0,1,0,0,0,0,0
Tunjungan Plaza,1,1,0,0,1,1,1,1,1,1,1,1,1,1,Mengambil Foto,0,0,0,0,1,0,0,0,0,0
Tunjungan Plaza,0,0,1,1,1,1,1,0,0,1,1,1,1,1,"Makan, Berolahraga, Berbelanja",1,1,0,0,0,0,0,0,1,0
Tunjungan Plaza,0,1,1,1,0,1,1,0,0,0,1,1,1,0,"Makan, Mengambil Foto, Berbelanja",1,0,0,0,1,0,0,0,1,0
Tunjungan Plaza,1,0,1,0,1,1,1,0,1,0,1,1,1,1,Berbelanja,0,0,0,0,0,0,0,0,1,0
Tunjungan Plaza,1,0,1,1,1,1,1,0,1,1,1,1,1,0,"Makan, Mengambil Foto, Berbelanja",1,0,0,0,1,0,0,0,1,0
Tunjungan Plaza,1,0,1,1,0,1,0,0,0,0,1,1,1,0,Berbelanja,0,0,0,0,0,0,0,0,1,0
Tunjungan Plaza,1,0,1,1,0,1,1,0,0,1,1,1,1,0,"Mengambil Foto, Berbelanja",0,0,0,0,1,0,0,0,1,0
Tunjungan Plaza,1,0,1,1,0,1,1,0,0,0,1,1,1,0,"Makan, Berbelanja",1,0,0,0,0,0,0,0,1,0
Tunjungan Plaza,1,0,1,1,1,1,1,0,0,1,1,1,1,0,"Makan, Mengambil Foto, Berbelanja",1,0,0,0,1,0,0,0,1,0
Tunjungan Plaza,1,0,1,1,1,1,1,0,0,0,1,1,1,0,"Makan, Berbelanja",1,0,0,0,0,0,0,0,1,0
Tunjungan Plaza,1,1,1,1,1,1,1,0,0,0,1,1,1,0,"Makan, Mengambil Foto, Berbelanja",1,0,0,0,1,0,0,0,1,0
Tunjungan Plaza,1,0,1,1,1,1,1,0,0,0,1,1,1,0,"Makan, Mengambil Foto, Berbelanja",1,0,0,0,1,0,0,0,1,0
Tunjungan Plaza,1,1,1,1,0,1,1,0,1,0,1,1,1,0,Berbelanja,0,0,0,0,0,0,0,0,1,0
Tunjungan Plaza,1,0,1,1,0,1,1,0,1,1,1,1,1,0,"Makan, Mengambil Foto, Beribadah, Berbelanja",1,0,0,0,1,1,0,0,1,0
Tunjungan Plaza,1,1,1,1,1,1,1,0,0,0,1,1,1,0,"Makan, Berolahraga, Mengambil Foto, Berbelanja",1,1,0,0,1,0,0,0,1,0
Tunjungan Plaza,1,1,1,1,0,1,1,1,1,1,1,1,1,0,"Makan, Belajar, Mengambil Foto, Berbelanja",1,0,1,0,1,0,0,0,1,0
Tunjungan Plaza,1,1,1,1,0,1,0,1,1,1,1,1,1,0,"Makan, Mengambil Foto, Berbelanja",1,0,0,0,1,0,0,0,1,0
Tunjungan Plaza,1,1,1,1,1,1,1,1,0,0,1,1,1,0,"Makan, Mengambil Foto, Berbelanja",1,0,0,0,1,0,0,0,1,0
Tunjungan Plaza,1,1,0,1,1,1,1,1,0,1,1,1,1,0,"Makan, Belajar, Mengambil Foto, Melihat Pemandangan, Berbelanja",1,0,1,0,1,0,0,1,1,0
Tunjungan Plaza,1,1,1,0,0,1,1,0,0,0,1,1,1,0,"Makan, Berbelanja",1,0,0,0,0,0,0,0,1,0
Tunjungan Plaza,1,1,1,1,1,1,1,1,0,1,1,1,1,0,"Makan, Mengambil Foto, Berbelanja",1,0,0,0,1,0,0,0,1,0
Tunjungan Plaza,0,1,1,1,0,1,1,1,0,1,1,1,1,0,"Makan, Mengambil Foto, Melihat Pemandangan, Berbelanja",1,0,0,0,1,0,0,1,1,0
Tunjungan Plaza,1,1,1,1,1,1,0,1,1,0,1,1,1,0,"Makan, Mengambil Foto, Melihat Pemandangan, Berbelanja",1,0,0,0,1,0,0,1,1,0
Tunjungan Plaza,1,1,1,1,1,1,1,1,0,0,1,1,1,0,"Makan, Mengambil Foto, Berbelanja",1,0,0,0,1,0,0,0,1,0
Tunjungan Plaza,1,1,1,1,0,1,1,1,0,1,1,1,1,0,"Makan, Mengambil Foto, Melihat Pemandangan, Berbelanja",1,0,0,0,1,0,0,1,1,0
Tunjungan Plaza,0,1,1,1,1,1,1,1,0,0,1,1,1,0,"Makan, Mengambil Foto, Melihat Pemandangan, Berbelanja",1,0,0,0,1,0,0,1,1,0
Tunjungan Plaza,1,0,1,1,1,1,1,0,0,0,1,1,1,1,"Makan, Berolahraga, Mengambil Foto, Berbelanja",1,1,0,0,1,0,0,0,1,0
Tunjungan Plaza,1,1,1,1,0,1,1,0,0,0,1,1,1,1,"Makan, Berolahraga, Mengambil Foto, Berbelanja",1,1,0,0,1,0,0,0,1,0
Tunjungan Plaza,1,0,1,1,1,1,1,0,1,0,1,1,1,1,"Mengambil Foto, Berbelanja",0,0,0,0,1,0,0,0,1,0
Tunjungan Plaza,1,1,1,1,1,1,1,0,1,0,1,1,1,1,"Makan, Berolahraga, Mengambil Foto, Berbelanja",1,1,0,0,1,0,0,0,1,0
Tunjungan Plaza,1,1,1,1,1,0,1,0,0,0,0,1,0,1,"Berolahraga, Mengambil Foto, Berbelanja",0,1,0,0,1,0,0,0,1,0
Taman Suroboyo,1,1,1,1,0,1,1,1,0,1,1,1,1,1,Mengambil Foto,0,0,0,0,1,0,0,0,0,0
Taman Suroboyo,1,1,1,1,0,1,0,1,1,0,1,1,1,0,"Makan, Belajar, Mengambil Foto",1,0,1,0,1,0,0,0,0,0
Taman Suroboyo,1,1,1,0,0,1,0,1,0,0,1,1,1,0,"Belajar, Mengambil Foto",0,0,1,0,1,0,0,0,0,0
Taman Suroboyo,1,1,1,0,0,1,0,1,1,0,1,1,1,0,"Belajar, Mengambil Foto",0,0,1,0,1,0,0,0,0,0
Taman Suroboyo,1,1,1,1,0,1,0,1,1,0,1,1,1,0,"Makan, Belajar, Mengambil Foto",1,0,1,0,1,0,0,0,0,0
Taman Suroboyo,0,1,1,1,0,1,0,1,1,0,1,1,1,0,"Makan, Belajar",1,0,1,0,0,0,0,0,0,0
Taman Suroboyo,1,1,1,1,0,1,1,1,0,0,1,1,1,0,"Makan, Belajar, Mengambil Foto, Melihat Pemandangan",1,0,1,0,1,0,0,1,0,0
Taman Suroboyo,1,1,1,0,0,1,1,1,0,0,1,1,1,0,"Makan, Belajar, Mengambil Foto",1,0,1,0,1,0,0,0,0,0
Taman Suroboyo,0,1,1,0,0,1,0,1,0,0,1,1,1,0,"Makan, Belajar, Mengambil Foto",1,0,1,0,1,0,0,0,0,0
Taman Suroboyo,0,1,1,1,0,1,1,1,0,0,1,1,1,0,"Makan, Belajar, Mengambil Foto",1,0,1,0,1,0,0,0,0,0
Taman Suroboyo,1,1,1,0,1,1,1,1,0,1,1,1,1,0,"Berolahraga, Belajar, Mengambil Foto",0,1,1,0,1,0,0,0,0,0
Taman Suroboyo,1,1,1,1,0,1,1,1,0,1,1,1,1,0,"Makan, Belajar, Mengambil Foto",1,0,1,0,1,0,0,0,0,0
Taman Suroboyo,0,1,1,0,0,1,0,1,1,0,1,1,1,0,"Makan, Belajar, Mengambil Foto",1,0,1,0,1,0,0,0,0,0
Taman Suroboyo,1,1,1,1,0,1,0,1,1,1,0,1,1,0,"Belajar, Mengambil Foto",0,0,1,0,1,0,0,0,0,0
Taman Suroboyo,0,1,1,0,0,1,1,1,0,1,1,1,1,0,"Belajar, Mengambil Foto",0,0,1,0,1,0,0,0,0,0
Taman Suroboyo,0,1,1,1,0,1,0,1,1,0,1,1,1,0,"Belajar, Mengambil Foto",0,0,1,0,1,0,0,0,0,0
Taman Suroboyo,0,1,1,1,0,1,0,1,0,1,0,1,1,0,"Berolahraga, Mengambil Foto, Melihat Pemandangan",0,1,0,0,1,0,0,1,0,0
Taman Suroboyo,0,1,1,1,0,1,0,1,1,1,0,1,1,0,"Berolahraga, Mengambil Foto, Melihat Pemandangan",0,1,0,0,1,0,0,1,0,0
Taman Suroboyo,1,1,1,1,0,1,0,0,0,0,1,1,1,0,"Berolahraga, Mengambil Foto",0,1,0,0,1,0,0,0,0,0
Taman Suroboyo,1,1,1,0,0,1,0,1,1,0,1,1,0,0,"Mengambil Foto, Melihat Pemandangan",0,0,0,0,1,0,0,1,0,0
Taman Suroboyo,1,1,1,1,0,1,0,1,0,0,1,0,1,0,Mengambil Foto,0,0,0,0,1,0,0,0,0,0
Taman Suroboyo,1,1,1,0,0,1,0,0,1,0,1,1,1,0,Melihat Pemandangan,0,0,0,0,0,0,0,1,0,0
Taman Suroboyo,1,1,1,1,0,1,0,1,1,1,1,1,1,0,"Mengambil Foto, Melihat Pemandangan",0,0,0,0,1,0,0,1,0,0
Taman Suroboyo,0,1,1,0,0,1,0,1,1,1,0,1,1,0,"Belajar, Mengambil Foto, Melihat Pemandangan",0,0,1,0,1,0,0,1,0,0
Taman Suroboyo,0,1,1,1,0,1,1,1,1,1,1,1,1,0,"Makan, Mengambil Foto, Melihat Pemandangan",1,0,0,0,1,0,0,1,0,0
Taman Suroboyo,1,1,1,1,0,1,0,1,1,1,1,1,1,0,"Mengambil Foto, Melihat Pemandangan",0,0,0,0,1,0,0,1,0,0
Taman Suroboyo,1,1,0,1,1,0,1,1,1,1,1,1,0,1,"Makan, Belajar, Mengambil Foto, Berkemah",1,0,1,0,1,0,1,0,0,0
Taman Suroboyo,1,1,1,1,0,1,0,1,1,1,0,1,1,1,"Makan, Berolahraga, Mengambil Foto, Melihat Pemandangan",1,1,0,0,1,0,0,1,0,0
Taman Suroboyo,1,1,1,1,1,0,1,1,0,1,1,0,1,1,"Makan, Mengambil Foto, Melihat Pemandangan",1,0,0,0,1,0,0,1,0,0
Taman Suroboyo,1,1,0,1,1,0,1,1,1,0,1,1,0,1,"Belajar, Mengambil Foto, Berkemah",0,0,1,0,1,0,1,0,0,0
Taman Suroboyo,1,0,1,0,0,1,1,1,0,1,1,0,1,1,"Makan, Mengambil Foto, Berkemah, Melihat Pemandangan",1,0,0,0,1,0,1,1,0,0
Taman Suroboyo,1,1,0,1,1,1,1,1,1,1,1,0,1,1,"Makan, Berolahraga, Mengambil Foto, Melihat Pemandangan",1,1,0,0,1,0,0,1,0,0
Taman Suroboyo,1,1,1,1,0,1,0,1,0,1,1,0,1,0,"Makan, Berolahraga, Belajar, Melihat Pemandangan, Berbelanja",1,1,1,0,0,0,0,1,1,0
Taman Suroboyo,1,1,0,1,1,0,1,1,0,1,1,1,0,1,"Makan, Berolahraga, Belajar, Melihat Pemandangan",1,1,1,0,0,0,0,1,0,0
Taman Suroboyo,1,1,1,1,1,0,1,1,1,0,1,1,1,1,"Makan, Melihat Pemandangan, Berbelanja",1,0,0,0,0,0,0,1,1,0
Taman Suroboyo,1,1,0,1,1,1,1,1,1,0,1,1,0,1,"Berolahraga, Belajar, Mengambil Foto, Melihat Pemandangan",0,1,1,0,1,0,0,1,0,0
Taman Suroboyo,1,1,1,1,1,1,1,1,0,0,1,1,1,1,"Makan, Berolahraga, Belajar, Berinteraksi dengan satwa, Mengambil Foto, Melihat Pemandangan, Berbelanja",1,1,1,1,1,0,0,1,1,0
Taman Suroboyo,1,1,1,1,0,0,1,1,0,0,1,1,1,0,"Makan, Berolahraga, Berbelanja",1,1,0,0,0,0,0,0,1,0
Taman Suroboyo,1,1,1,1,0,0,1,1,1,0,1,1,1,1,"Berolahraga, Belajar, Mengambil Foto, Melihat Pemandangan",0,1,1,0,1,0,0,1,0,0
Taman Suroboyo,1,1,1,1,1,1,1,1,0,0,1,1,1,1,"Makan, Berolahraga, Mengambil Foto",1,1,0,0,1,0,0,0,0,0
Taman Suroboyo,1,1,1,1,0,1,1,1,0,0,1,1,1,1,"Berolahraga, Berinteraksi dengan satwa, Berkemah, Melihat Pemandangan",0,1,0,1,0,0,1,1,0,0
Taman Suroboyo,1,1,1,1,0,1,1,0,1,1,1,1,1,1,"Makan, Berolahraga, Berbelanja",1,1,0,0,0,0,0,0,1,0
Taman Suroboyo,1,1,1,1,0,1,1,0,1,1,1,1,1,1,"Makan, Berolahraga, Mengambil Foto",1,1,0,0,1,0,0,0,0,0
Taman Suroboyo,1,1,1,1,0,1,1,0,0,0,1,1,1,1,"Makan, Berolahraga, Mengambil Foto, Melihat Pemandangan",1,1,0,0,1,0,0,1,0,0
Taman Suroboyo,1,1,1,1,0,1,1,1,0,0,1,1,1,1,"Belajar, Mengambil Foto, Melihat Pemandangan",0,0,1,0,1,0,0,1,0,0
Taman Suroboyo,1,1,1,1,1,1,1,1,0,1,1,1,1,1,"Makan, Berolahraga, Belajar, Mengambil Foto, Melihat Pemandangan",1,1,1,0,1,0,0,1,0,0
Taman Suroboyo,1,1,1,1,0,1,1,1,1,0,1,1,1,1,"Makan, Berolahraga, Belajar, Mengambil Foto, Berbelanja",1,1,1,0,1,0,0,0,1,0
Taman Suroboyo,1,1,1,1,0,1,1,1,0,0,1,1,1,1,"Berolahraga, Belajar, Mengambil Foto, Melihat Pemandangan, Berbelanja",0,1,1,0,1,0,0,1,1,0
Taman Suroboyo,0,1,0,1,0,1,1,1,1,0,1,1,1,1,"Makan, Belajar, Mengambil Foto",1,0,1,0,1,0,0,0,0,0
Taman Suroboyo,1,1,1,1,0,0,1,1,0,0,1,1,1,1,"Makan, Berolahraga, Belajar, Mengambil Foto, Berbelanja",1,1,1,0,1,0,0,0,1,0
Taman Bungkul,1,1,1,1,0,1,1,1,1,0,1,1,1,0,"Makan Bersama, Berolahraga, Belajar, Mengambil Foto, Melihat Pemandangan",1,1,1,0,1,0,0,1,0,0
Taman Bungkul,1,0,1,0,0,1,0,0,0,0,1,1,1,0,"Makan, Mengambil Foto, Melihat Pemandangan",1,0,0,0,1,0,0,1,0,0
Taman Bungkul,0,1,1,0,0,1,0,0,0,0,1,1,1,0,"Berolahraga, Mengambil Foto, Melihat Pemandangan",0,1,0,0,1,0,0,1,0,0
Taman Bungkul,1,0,1,1,0,1,0,0,0,0,1,1,1,0,"Mengambil Foto, Melihat Pemandangan",0,0,0,0,1,0,0,1,0,0
Taman Bungkul,1,1,1,0,0,1,0,0,1,0,1,1,1,0,"Berolahraga, Mengambil Foto, Melihat Pemandangan",0,1,0,0,1,0,0,1,0,0
Taman Bungkul,0,1,1,0,0,1,0,0,0,0,1,1,1,0,"Mengambil Foto, Melihat Pemandangan",0,0,0,0,1,0,0,1,0,0
Taman Bungkul,1,1,0,0,0,1,0,0,0,0,1,1,1,0,"Makan, Berolahraga, Melihat Pemandangan",1,1,0,0,0,0,0,1,0,0
Taman Bungkul,1,0,1,0,0,1,0,0,1,0,1,1,1,0,"Berolahraga, Mengambil Foto, Melihat Pemandangan",0,1,0,0,1,0,0,1,0,0
Taman Bungkul,1,1,0,0,0,1,0,0,1,0,1,1,1,0,"Mengambil Foto, Melihat Pemandangan",0,0,0,0,1,0,0,1,0,0
Taman Bungkul,1,0,1,0,0,1,0,0,1,0,1,1,1,0,"Makan, Mengambil Foto, Melihat Pemandangan",1,0,0,0,1,0,0,1,0,0
Taman Bungkul,1,1,1,1,0,1,1,1,1,1,1,1,1,0,Berolahraga,0,1,0,0,0,0,0,0,0,0
Taman Bungkul,1,1,1,0,0,1,1,1,0,0,1,1,1,0,"Berolahraga, Melihat Pemandangan",0,1,0,0,0,0,0,1,0,0
Taman Bungkul,1,1,1,1,0,1,1,1,1,1,1,1,1,0,"Berolahraga, Mengambil Foto",0,1,0,0,1,0,0,0,0,0
Taman Bungkul,1,1,1,1,0,1,1,1,1,1,1,1,1,0,"Berolahraga, Melihat Pemandangan",0,1,0,0,0,0,0,1,0,0
Taman Bungkul,1,1,1,1,0,1,1,1,0,1,1,1,1,0,Berolahraga,0,1,0,0,0,0,0,0,0,0
Taman Bungkul,1,1,1,1,0,1,1,1,0,1,1,1,1,0,Berolahraga,0,1,0,0,0,0,0,0,0,0
Taman Bungkul,1,1,1,0,0,1,1,1,0,0,1,1,1,0,Berolahraga,0,1,0,0,0,0,0,0,0,0
Taman Bungkul,1,1,1,1,0,1,1,1,0,1,1,1,1,1,"Makan, Berolahraga, Mengambil Foto",1,1,0,0,1,0,0,0,0,0
Taman Bungkul,1,1,1,1,0,1,1,1,0,1,1,1,1,0,"Berolahraga, Mengambil Foto, Melihat Pemandangan",0,1,0,0,1,0,0,1,0,0
Taman Bungkul,1,1,1,1,0,1,0,1,0,1,1,1,1,0,Berolahraga,0,1,0,0,0,0,0,0,0,0
Taman Bungkul,1,1,1,1,0,1,0,1,0,1,1,1,1,0,"Berolahraga, Melihat Pemandangan",0,1,0,0,0,0,0,1,0,0
Taman Bungkul,1,1,1,1,0,1,1,0,1,0,1,1,0,0,"Makan, Berolahraga, Belajar, Mengambil Foto, Beribadah, Melihat Pemandangan, Berbelanja",1,1,1,0,1,1,0,1,1,0
Taman Bungkul,1,1,1,1,0,0,1,1,0,0,1,1,1,0,"Makan, Belajar, Melihat Pemandangan, Berbelanja",1,0,1,0,0,0,0,1,1,0
Taman Bungkul,1,1,1,1,0,1,1,1,0,0,1,1,1,0,"Makan, Berolahraga, Belajar, Berbelanja",1,1,1,0,0,0,0,0,1,0
Taman Bungkul,1,1,1,1,0,0,1,0,1,1,1,1,1,1,"Makan, Berolahraga, Mengambil Foto, Melihat Pemandangan",1,1,0,0,1,0,0,1,0,0
Taman Bungkul,1,1,1,1,0,1,1,1,1,1,1,1,1,0,"Berolahraga, Belajar",0,1,1,0,0,0,0,0,0,0
Taman Bungkul,1,1,1,1,0,1,1,1,0,0,1,1,1,0,"Makan, Berolahraga, Mengambil Foto, Melihat Pemandangan",1,1,0,0,1,0,0,1,0,0
Taman Bungkul,1,1,1,1,0,1,1,0,1,0,1,1,1,1,"Makan, Mengambil Foto, Melihat Pemandangan",1,0,0,0,1,0,0,1,0,0
Taman Bungkul,1,1,1,1,0,1,1,1,1,1,1,1,1,0,"Makan, Berolahraga, Belajar, Mengambil Foto",1,1,1,0,1,0,0,0,0,0
Taman Bungkul,1,1,1,1,0,1,1,1,0,0,1,1,1,1,"Makan, Berolahraga, Belajar, Mengambil Foto, Beribadah, Melihat Pemandangan, Berbelanja",1,1,1,0,1,1,0,1,1,0
Taman Bungkul,1,1,1,1,0,0,1,1,0,0,1,1,1,0,"Makan, Berolahraga, Belajar, Mengambil Foto",1,1,1,0,1,0,0,0,0,0
Taman Bungkul,1,1,1,1,0,1,1,0,1,0,1,1,1,1,"Berolahraga, Belajar, Mengambil Foto, Berbelanja",0,1,1,0,1,0,0,0,1,0
Taman Bungkul,1,1,1,1,0,1,1,0,0,0,1,1,1,1,"Berolahraga, Mengambil Foto, Melihat Pemandangan",0,1,0,0,1,0,0,1,0,0
Taman Bungkul,1,1,1,1,0,1,1,1,0,0,1,1,1,0,"Berolahraga, Belajar, Mengambil Foto, Beribadah, Melihat Pemandangan, Berbelanja",0,1,1,0,1,1,0,1,1,0
Taman Bungkul,1,1,1,1,0,1,1,1,0,0,1,1,1,0,"Makan, Belajar, Berbelanja",1,0,1,0,0,0,0,0,1,0
Taman Bungkul,1,1,1,1,0,1,1,1,0,0,1,1,1,0,"Makan, Berolahraga, Belajar, Mengambil Foto, Beribadah, Melihat Pemandangan, Berbelanja",1,1,1,0,1,1,0,1,1,0
Taman Bungkul,1,1,1,0,0,1,0,1,0,1,0,1,0,1,"Makan, Mengambil Foto, Melihat Pemandangan",1,0,0,0,1,0,0,1,0,0
Taman Bungkul,0,1,0,0,1,0,1,1,0,0,1,1,0,0,"Makan, Belajar, Mengambil Foto, Berbelanja",1,0,1,0,1,0,0,0,1,0
Taman Bungkul,0,1,0,0,1,1,0,1,0,1,1,1,0,1,"Mengambil Foto, Berkemah, Melihat Pemandangan",0,0,0,0,1,0,1,1,0,0
Taman Bungkul,0,1,1,0,1,1,0,0,1,1,1,0,0,1,"Berinteraksi dengan satwa, Mengambil Foto, Melihat Pemandangan",0,0,0,1,1,0,0,1,0,0
Taman Bungkul,0,1,1,0,1,0,1,0,1,1,1,1,0,1,"Belajar, Berinteraksi dengan satwa, Melihat Pemandangan, Berbelanja",0,0,1,1,0,0,0,1,1,0
Taman Bungkul,1,0,1,1,0,1,0,1,1,1,1,0,1,1,"Makan, Mengambil Foto, Melihat Pemandangan",1,0,0,0,1,0,0,1,0,0
Taman Bungkul,1,1,0,1,0,0,1,1,0,1,1,0,1,1,"Belajar, Mengambil Foto, Melihat Pemandangan",0,0,1,0,1,0,0,1,0,0
Taman Bungkul,0,1,0,1,1,0,1,1,1,1,1,1,1,1,"Makan, Belajar, Mengambil Foto, Berbelanja",1,0,1,0,1,0,0,0,1,0
Taman Bungkul,1,1,0,1,1,1,0,1,0,1,0,1,0,1,"Makan, Belajar, Mengambil Foto, Berkemah, Melihat Pemandangan",1,0,1,0,1,0,1,1,0,0
Taman Bungkul,1,1,0,1,0,1,1,0,1,1,1,1,0,1,"Berolahraga, Mengambil Foto, Berkemah, Melihat Pemandangan",0,1,0,0,1,0,1,1,0,0
Taman Bungkul,1,1,1,1,0,1,1,0,0,0,1,1,1,1,"Makan, Berolahraga, Belajar, Mengambil Foto, Melihat Pemandangan",1,1,1,0,1,0,0,1,0,0
Taman Bungkul,1,1,1,1,0,1,1,0,1,1,1,1,1,1,"Berolahraga, Mengambil Foto, Melihat Pemandangan, Berbelanja",0,1,0,0,1,0,0,1,1,0
Taman Bungkul,1,1,1,1,1,1,1,1,0,0,1,1,0,1,"Makan, Berolahraga, Belajar, Mengambil Foto",1,1,1,0,1,0,0,0,0,0
Taman Bungkul,1,1,1,1,0,0,1,1,0,0,1,1,1,0,"Makan, Berolahraga, Belajar, Mengambil Foto",1,1,1,0,1,0,0,0,0,0
Surabaya Convention Center,1,1,1,1,1,1,1,1,1,1,1,1,1,1,"Makan Bersama, Berolahraga, Belajar, Mengambil Foto",1,1,1,0,1,0,0,0,0,0
Surabaya Convention Center,1,1,1,1,1,0,1,1,1,1,1,0,1,1,"Mengambil Foto, Berkemah, Melihat Pemandangan",0,0,0,0,1,0,1,1,0,0
Surabaya Convention Center,1,1,0,1,1,1,0,1,1,1,1,1,1,1,"Makan, Belajar",1,0,1,0,0,0,0,0,0,0
Surabaya Convention Center,1,1,0,1,1,1,0,1,1,1,1,1,1,1,"Makan, Belajar",1,0,1,0,0,0,0,0,0,0
Surabaya Convention Center,1,1,0,1,1,1,0,1,1,1,1,1,1,1,"Makan, Belajar, Mengambil Foto",1,0,1,0,1,0,0,0,0,0
Surabaya Convention Center,1,1,0,1,1,1,0,1,1,1,1,1,1,1,"Belajar, Mengambil Foto",0,0,1,0,1,0,0,0,0,0
Surabaya Convention Center,1,1,0,1,0,1,1,1,1,1,1,1,1,1,"Makan, Mengambil Foto",1,0,0,0,1,0,0,0,0,0
Surabaya Convention Center,1,1,0,1,0,1,0,1,1,1,1,1,1,1,"Makan, Belajar, Mengambil Foto",1,0,1,0,1,0,0,0,0,0
Surabaya Convention Center,1,1,0,1,0,1,0,1,1,1,1,1,1,1,"Belajar, Mengambil Foto",0,0,1,0,1,0,0,0,0,0
Surabaya Convention Center,1,1,0,1,0,1,0,1,1,0,1,1,1,1,"Makan, Mengambil Foto",1,0,0,0,1,0,0,0,0,0
Surabaya Convention Center,1,1,1,1,0,1,0,1,1,1,1,1,1,1,"Makan, Belajar, Mengambil Foto",1,0,1,0,1,0,0,0,0,0
Surabaya Convention Center,1,1,0,1,0,1,0,1,1,1,1,1,1,1,"Berinteraksi dengan satwa, Mengambil Foto",0,0,0,1,1,0,0,0,0,0
Surabaya Convention Center,1,1,0,1,0,1,0,1,1,1,1,1,1,1,"Makan, Belajar, Mengambil Foto",1,0,1,0,1,0,0,0,0,0
Surabaya Convention Center,1,1,0,1,0,1,0,1,1,1,1,1,1,1,"Belajar, Mengambil Foto",0,0,1,0,1,0,0,0,0,0
Surabaya Convention Center,1,1,0,1,1,1,0,1,1,1,1,1,1,1,"Makan, Belajar, Mengambil Foto",1,0,1,0,1,0,0,0,0,0
Surabaya Convention Center,1,1,0,1,0,1,0,1,1,0,1,1,1,1,"Makan, Belajar, Mengambil Foto",1,0,1,0,1,0,0,0,0,0
Surabaya Convention Center,1,1,0,1,0,1,0,1,1,0,1,1,1,1,Belajar,0,0,1,0,0,0,0,0,0,0
Surabaya Convention Center,0,0,0,1,1,1,0,1,1,1,1,1,1,0,Belajar,0,0,1,0,0,0,0,0,0,0
Surabaya Convention Center,0,0,0,1,1,1,0,1,1,1,1,1,1,0,"Belajar, Mengambil Foto",0,0,1,0,1,0,0,0,0,0
Surabaya Convention Center,0,1,0,1,1,1,0,1,1,1,1,1,1,0,Belajar,0,0,1,0,0,0,0,0,0,0
Surabaya Convention Center,0,1,0,1,1,1,1,1,1,1,0,1,0,0,"Belajar, Mengambil Foto",0,0,1,0,1,0,0,0,0,0
Surabaya Convention Center,0,1,0,1,1,1,0,1,1,1,1,1,0,0,"Makan, Belajar",1,0,1,0,0,0,0,0,0,0
Surabaya Convention Center,0,1,0,1,1,1,1,1,1,1,1,1,1,0,"Makan, Belajar, Mengambil Foto",1,0,1,0,1,0,0,0,0,0
Surabaya Convention Center,0,1,0,1,0,1,1,1,1,1,1,1,1,0,"Belajar, Mengambil Foto, Beribadah",0,0,1,0,1,1,0,0,0,0
Surabaya Convention Center,0,0,0,1,1,1,1,1,1,1,0,1,1,0,"Belajar, Mengambil Foto",0,0,1,0,1,0,0,0,0,0
Surabaya Convention Center,0,0,0,1,0,1,0,1,1,1,1,1,1,0,Belajar,0,0,1,0,0,0,0,0,0,0
Surabaya Convention Center,0,0,0,1,1,1,0,1,1,1,0,1,1,0,"Belajar, Mengambil Foto, Beribadah",0,0,1,0,1,1,0,0,0,0
Surabaya Convention Center,1,1,1,1,1,1,1,1,1,1,1,1,1,1,"Berolahraga, Belajar, Mengambil Foto",0,1,1,0,1,0,0,0,0,0
Surabaya Convention Center,1,1,1,1,1,1,1,1,1,1,1,1,1,1,"Makan, Melihat Pemandangan, Berbelanja",1,0,0,0,0,0,0,1,1,0
Surabaya Convention Center,1,1,1,1,1,1,1,1,1,1,1,1,1,1,"Makan, Berolahraga, Belajar",1,1,1,0,0,0,0,0,0,0
Surabaya Convention Center,1,1,1,1,0,1,1,1,1,1,1,1,1,1,"Belajar, Mengambil Foto, Berbelanja",0,0,1,0,1,0,0,0,1,0
Surabaya Convention Center,1,1,1,1,1,1,1,1,1,1,1,1,1,1,"Mengambil Foto, Melihat Pemandangan, Berbelanja",0,0,0,0,1,0,0,1,1,0
Surabaya Convention Center,1,1,1,1,1,1,1,1,1,1,1,1,1,1,"Berolahraga, Belajar, Berbelanja",0,1,1,0,0,0,0,0,1,0
Surabaya Convention Center,1,1,1,1,1,0,1,1,1,1,1,1,1,1,"Makan, Berolahraga, Beribadah",1,1,0,0,0,1,0,0,0,0
Surabaya Convention Center,1,1,1,1,1,1,1,1,1,1,1,1,1,1,"Makan, Mengambil Foto, Melihat Pemandangan",1,0,0,0,1,0,0,1,0,0
Surabaya Convention Center,1,1,1,1,1,1,0,1,1,1,1,1,1,0,"Berolahraga, Belajar, Mengambil Foto",0,1,1,0,1,0,0,0,0,0
Surabaya Convention Center,1,1,1,1,1,1,1,1,1,1,1,1,1,1,"Mengambil Foto, Melihat Pemandangan",0,0,0,0,1,0,0,1,0,0
Surabaya Convention Center,1,1,1,1,0,1,0,1,1,0,1,1,1,0,"Makan, Belajar, Mengambil Foto, Melihat Pemandangan, Berbelanja",1,0,1,0,1,0,0,1,1,0
Surabaya Convention Center,1,1,1,1,1,1,1,1,1,0,1,1,1,0,"Makan, Belajar, Mengambil Foto",1,0,1,0,1,0,0,0,0,0
Surabaya Convention Center,1,1,0,1,1,1,0,0,0,1,1,1,1,0,"Makan, Belajar, Mengambil Foto, Melihat Pemandangan",1,0,1,0,1,0,0,1,0,0
Surabaya Convention Center,1,1,1,1,1,1,1,1,0,0,1,1,1,0,"Belajar, Mengambil Foto",0,0,1,0,1,0,0,0,0,0
Surabaya Convention Center,1,1,1,1,0,1,1,1,1,0,1,1,1,0,"Makan, Belajar, Mengambil Foto, Melihat Pemandangan",1,0,1,0,1,0,0,1,0,0
Surabaya Convention Center,1,1,1,1,1,1,1,1,0,1,1,1,1,0,"Belajar, Mengambil Foto",0,0,1,0,1,0,0,0,0,0
Surabaya Convention Center,1,1,1,1,1,1,0,1,0,1,1,1,1,0,"Belajar, Mengambil Foto",0,0,1,0,1,0,0,0,0,0
Surabaya Convention Center,1,1,1,1,1,1,1,1,0,0,1,1,1,0,"Belajar, Mengambil Foto, Melihat Pemandangan",0,0,1,0,1,0,0,1,0,0
Surabaya Convention Center,1,1,1,1,0,0,1,1,1,1,1,1,1,0,"Makan, Belajar, Mengambil Foto, Melihat Pemandangan",1,0,1,0,1,0,0,1,0,0
Surabaya Convention Center,1,1,1,1,1,1,1,1,0,0,1,1,1,0,"Belajar, Mengambil Foto, Melihat Pemandangan",0,0,1,0,1,0,0,1,0,0
Surabaya Convention Center,1,0,1,1,0,1,1,0,1,1,1,1,1,1,"Makan, Mengambil Foto, Berbelanja",1,0,0,0,1,0,0,0,1,0
Surabaya Convention Center,1,1,1,1,0,1,1,0,1,1,1,1,1,1,"Makan, Berolahraga, Mengambil Foto, Beribadah, Berbelanja",1,1,0,0,1,0,0,0,1,0
Surabaya Convention Center,1,1,1,0,0,1,0,0,1,0,1,1,1,1,"Makan, Mengambil Foto, Berbelanja",1,0,0,0,1,1,0,0,1,0
Stadion Gelora Bung Tomo,1,1,1,1,0,1,1,1,1,1,1,1,1,0,"Berolahraga, Melihat Pemandangan, Mendukung Team Kebanggaan ",0,1,0,0,0,0,0,1,0,0
Stadion Gelora Bung Tomo,1,1,0,1,0,1,1,1,1,0,1,0,1,0,"Makan Bersama, Berolahraga, Belajar, Mengambil Foto",1,1,1,0,1,0,0,0,0,0
Stadion Gelora Bung Tomo,1,1,1,0,1,1,0,1,1,1,1,1,1,1,"Makan, Berinteraksi dengan satwa, Mengambil Foto, Melihat Pemandangan",1,0,0,0,1,0,0,1,0,0
Stadion Gelora Bung Tomo,1,0,1,1,0,1,1,0,1,1,1,1,0,1,"Makan, Belajar, Mengambil Foto, Berkemah",1,0,1,0,1,0,0,0,0,0
Stadion Gelora Bung Tomo,1,1,0,1,1,1,0,1,1,0,1,1,1,1,"Makan, Belajar, Beribadah, Berkemah",1,0,1,0,0,0,0,0,0,0
Stadion Gelora Bung Tomo,1,1,1,0,1,1,1,0,1,1,0,1,1,1,"Berolahraga, Belajar, Mengambil Foto, Melihat Pemandangan",0,1,1,0,1,0,0,1,0,0
Stadion Gelora Bung Tomo,1,0,1,1,1,0,0,1,1,1,1,1,1,1,"Makan, Berolahraga, Mengambil Foto, Melihat Pemandangan, Berbelanja",1,1,0,0,1,0,0,1,1,0
Stadion Gelora Bung Tomo,1,1,0,1,1,0,1,1,1,1,1,1,0,1,"Berolahraga, Berinteraksi dengan satwa, Berkemah, Melihat Pemandangan",0,1,0,0,0,0,0,1,0,0
Stadion Gelora Bung Tomo,1,1,1,0,1,1,0,1,1,1,1,1,1,1,"Berolahraga, Berinteraksi dengan satwa, Beribadah, Melihat Pemandangan",0,1,0,0,0,0,0,1,0,0
Stadion Gelora Bung Tomo,1,1,0,1,0,1,1,1,0,1,1,1,1,1,"Makan, Belajar, Berbelanja",1,0,1,0,0,0,0,0,1,0
Stadion Gelora Bung Tomo,1,1,0,1,1,1,0,1,1,1,1,1,1,1,"Makan, Berolahraga, Mengambil Foto, Melihat Pemandangan",1,1,0,0,1,0,0,1,0,0
Stadion Gelora Bung Tomo,1,1,1,0,1,1,0,1,1,1,1,0,1,1,"Makan, Berinteraksi dengan satwa, Mengambil Foto, Melihat Pemandangan, Berbelanja",1,0,0,1,1,0,0,1,1,0
Stadion Gelora Bung Tomo,0,0,1,1,0,1,1,0,1,1,1,1,1,0,"Makan, Berolahraga, Mengambil Foto",1,1,0,0,1,0,0,0,0,0
Stadion Gelora Bung Tomo,1,1,1,0,1,1,1,1,0,0,1,1,1,0,"Makan, Berolahraga, Mengambil Foto, Melihat Pemandangan",1,1,0,0,1,0,0,1,0,0
Stadion Gelora Bung Tomo,1,0,1,1,0,1,1,1,0,1,1,1,1,0,"Makan, Berolahraga, Mengambil Foto",1,1,0,0,1,0,0,0,0,0
Stadion Gelora Bung Tomo,1,1,1,1,0,1,1,1,0,1,1,1,1,0,"Berolahraga, Mengambil Foto",0,1,0,0,1,0,0,0,0,0
Stadion Gelora Bung Tomo,0,0,1,1,0,1,1,1,0,1,1,1,1,0,"Makan, Berolahraga, Mengambil Foto, Melihat Pemandangan, Berbelanja",1,1,0,0,1,0,0,1,1,0
Stadion Gelora Bung Tomo,1,1,1,1,0,1,0,0,1,1,1,1,1,1,"Berolahraga, Berbelanja",0,1,0,0,0,0,0,0,1,0
Stadion Gelora Bung Tomo,1,1,1,1,0,1,1,0,1,1,1,1,1,0,"Makan, Berolahraga, Mengambil Foto, Melihat Pemandangan, Berbelanja",1,1,0,0,1,0,0,1,1,0
Stadion Gelora Bung Tomo,0,1,1,1,0,1,1,1,1,1,1,1,0,1,"Makan, Berolahraga, Belajar, Mengambil Foto, Melihat Pemandangan, Berbelanja",1,1,1,0,1,0,0,1,1,0
Stadion Gelora Bung Tomo,1,1,0,1,0,1,0,1,1,1,1,1,0,0,"Makan, Berolahraga, Belajar, Mengambil Foto, Melihat Pemandangan, Berbelanja",1,1,1,0,1,0,0,1,1,0
Stadion Gelora Bung Tomo,0,0,1,1,0,1,1,0,1,1,1,1,1,0,"Berolahraga, Belajar, Mengambil Foto",0,1,1,0,1,0,0,0,0,0
Stadion Gelora Bung Tomo,1,1,1,1,1,1,1,1,1,1,1,1,1,0,"Makan, Berolahraga, Belajar, Mengambil Foto",1,1,1,0,1,0,0,0,0,0
Stadion Gelora Bung Tomo,1,1,1,1,1,1,1,1,1,0,1,1,1,0,"Berolahraga, Belajar, Mengambil Foto",0,1,1,0,1,0,0,0,0,0
Stadion Gelora Bung Tomo,1,1,1,1,1,1,1,1,0,0,1,1,1,0,"Makan, Berolahraga, Belajar, Mengambil Foto",1,1,1,0,1,0,0,0,0,0
Stadion Gelora Bung Tomo,1,1,1,1,0,1,1,1,1,1,1,1,1,0,"Berolahraga, Belajar",0,1,1,0,0,0,0,0,0,0
Stadion Gelora Bung Tomo,1,1,1,1,0,1,0,1,0,0,1,1,1,0,"Berolahraga, Mengambil Foto",0,1,0,0,1,0,0,0,0,0
Stadion Gelora Bung Tomo,1,1,1,1,0,1,0,1,0,0,1,1,1,0,"Berolahraga, Belajar, Mengambil Foto",0,1,1,0,1,0,0,0,0,0
Stadion Gelora Bung Tomo,1,1,1,1,1,1,0,1,0,1,1,1,1,0,"Berolahraga, Belajar, Mengambil Foto, Melihat Pemandangan",0,1,1,0,1,0,0,1,0,0
Stadion Gelora Bung Tomo,1,1,1,1,0,1,1,1,1,1,1,1,1,0,"Makan, Berolahraga, Belajar, Mengambil Foto",1,1,1,0,1,0,0,0,0,0
Stadion Gelora Bung Tomo,1,1,1,1,0,1,1,1,0,0,1,1,0,0,"Berolahraga, Mengambil Foto",0,1,0,0,1,0,0,0,0,0
Stadion Gelora Bung Tomo,1,1,1,1,0,1,1,1,1,0,1,1,1,0,"Makan, Berolahraga, Belajar, Mengambil Foto",1,1,1,0,1,0,0,0,0,0
Stadion Gelora Bung Tomo,1,1,1,1,0,1,0,1,0,0,1,1,1,0,"Berolahraga, Mengambil Foto",0,1,0,0,1,0,0,0,0,0
Stadion Gelora Bung Tomo,1,1,1,1,0,1,0,1,1,1,1,1,1,0,"Berolahraga, Belajar, Mengambil Foto",0,1,1,0,1,0,0,0,0,0
Stadion Gelora Bung Tomo,1,1,1,1,1,1,0,1,0,1,1,1,1,0,"Berolahraga, Mengambil Foto",0,1,0,0,1,0,0,0,0,0
Stadion Gelora Bung Tomo,1,1,1,1,0,1,0,1,0,0,1,1,1,0,"Berolahraga, Belajar, Mengambil Foto",0,1,1,0,1,0,0,0,0,0
Stadion Gelora Bung Tomo,1,1,1,1,0,0,1,1,1,0,1,1,1,0,"Berolahraga, Belajar, Mengambil Foto",0,1,1,0,1,0,0,0,0,0
Stadion Gelora Bung Tomo,1,1,1,1,1,1,0,1,0,0,1,1,1,0,Berolahraga,0,1,0,0,0,0,0,0,0,0
Stadion Gelora Bung Tomo,1,1,1,1,1,1,0,1,1,1,1,1,1,0,Berolahraga,0,1,0,0,0,0,0,0,0,0
Stadion Gelora Bung Tomo,1,1,1,1,0,1,0,1,0,1,1,1,1,0,"Berolahraga, Mengambil Foto",0,1,0,0,1,0,0,0,0,0
Stadion Gelora Bung Tomo,1,1,1,0,0,1,0,1,0,1,1,1,1,0,Berolahraga,0,1,0,0,0,0,0,0,0,0
Stadion Gelora Bung Tomo,1,1,1,1,1,1,1,1,1,1,1,1,1,0,Berolahraga,0,1,0,0,0,0,0,0,0,0
Stadion Gelora Bung Tomo,1,1,1,1,0,1,0,1,1,1,1,1,1,0,Berolahraga,0,1,0,0,0,0,0,0,0,0
Stadion Gelora Bung Tomo,1,1,1,1,0,1,0,1,1,1,1,1,1,0,"Berolahraga, Mengambil Foto",0,1,0,0,1,0,0,0,0,0
Stadion Gelora Bung Tomo,1,1,1,0,1,1,0,1,0,1,1,1,1,0,"Berolahraga, Mengambil Foto",0,1,0,0,1,0,0,0,0,0
Stadion Gelora Bung Tomo,1,1,1,1,0,1,0,1,0,1,1,1,1,0,"Berolahraga, Mengambil Foto, Melihat Pemandangan",0,1,0,0,1,0,0,1,0,0
Stadion Gelora Bung Tomo,1,1,1,1,1,1,0,1,1,1,1,1,1,0,"Berolahraga, Mengambil Foto",0,1,0,0,1,0,0,0,0,0
Stadion Gelora Bung Tomo,0,1,1,1,0,1,1,0,1,1,1,1,1,1,"Berolahraga, Mengambil Foto",0,1,0,0,1,0,0,0,0,0
Stadion Gelora Bung Tomo,1,1,1,1,0,1,1,0,1,0,1,1,1,1,"Makan, Berolahraga, Mengambil Foto, Menonton Pertandingan",1,1,0,0,1,0,0,0,0,0
Stadion Gelora Bung Tomo,1,1,1,1,0,1,1,0,1,1,1,1,1,1,"Berolahraga, Mengambil Foto, Menonton pertandingan",0,1,0,0,1,0,0,0,0,0
Pusat Olahraga KONI,1,1,0,1,0,1,1,1,1,0,1,0,0,0,"Berolahraga, Mengambil Foto",0,1,0,0,1,0,0,0,0,0
Pusat Olahraga KONI,1,1,1,1,0,1,0,0,1,0,1,1,1,0,"Makan, Berolahraga, Mengambil Foto",1,1,0,0,1,0,0,0,0,0
Pusat Olahraga KONI,0,1,1,1,0,1,0,1,1,1,1,1,1,1,"Makan, Berolahraga, Belajar, Mengambil Foto, Beribadah, Melihat Pemandangan",1,1,1,0,1,1,0,1,0,0
Pusat Olahraga KONI,1,1,1,1,0,1,0,1,1,1,1,1,1,1,"Makan, Berolahraga, Belajar, Mengambil Foto",1,1,1,0,1,0,0,0,0,0
Pusat Olahraga KONI,1,1,1,1,0,1,0,1,1,1,1,1,1,1,"Makan, Berolahraga, Mengambil Foto",1,1,0,0,1,0,0,0,0,0
Pusat Olahraga KONI,1,1,1,1,0,1,0,1,1,1,1,1,1,1,"Makan, Berolahraga, Belajar, Mengambil Foto",1,1,1,0,1,0,0,0,0,0
Pusat Olahraga KONI,1,1,1,0,0,1,0,0,1,0,1,1,1,0,"Berolahraga, Mengambil Foto",0,1,0,0,1,0,0,0,0,0
Pusat Olahraga KONI,1,1,1,1,0,1,0,1,1,1,1,1,1,0,"Berolahraga, Belajar, Mengambil Foto",0,1,1,0,1,0,0,0,0,0
Pusat Olahraga KONI,1,1,1,1,0,1,1,1,0,1,1,1,1,0,Berolahraga,0,1,0,0,0,0,0,0,0,0
Pusat Olahraga KONI,0,1,1,1,0,1,0,1,1,1,1,1,1,0,"Berolahraga, Mengambil Foto",0,1,0,0,1,0,0,0,0,0
Pusat Olahraga KONI,0,1,1,1,0,1,0,1,1,1,1,1,1,0,Berolahraga,0,1,0,0,0,0,0,0,0,0
Pusat Olahraga KONI,0,1,1,1,0,1,0,0,1,1,1,1,1,0,Berolahraga,0,1,0,0,0,0,0,0,0,0
Pusat Olahraga KONI,1,1,1,0,0,0,0,1,1,1,1,1,1,0,Berolahraga,0,1,0,0,0,0,0,0,0,0
Pusat Olahraga KONI,1,1,1,1,0,1,0,0,0,0,1,1,1,0,Berolahraga,0,1,0,0,0,0,0,0,0,0
Pusat Olahraga KONI,1,1,1,1,0,1,0,1,1,0,1,1,1,0,Berolahraga,0,1,0,0,0,0,0,0,0,0
Pusat Olahraga KONI,0,1,1,1,0,1,0,1,0,0,1,1,1,0,"Berolahraga, Belajar",0,1,1,0,0,0,0,0,0,0
Pusat Olahraga KONI,1,1,1,1,0,0,0,1,0,1,1,0,1,0,Berolahraga,0,1,0,0,0,0,0,0,0,0
Pusat Olahraga KONI,0,1,0,0,1,1,0,1,1,1,1,0,1,0,Berolahraga,0,1,0,0,0,0,0,0,0,0
Pusat Olahraga KONI,0,1,0,0,1,1,0,1,1,1,1,0,1,0,Berolahraga,0,1,0,0,0,0,0,0,0,0
Pusat Olahraga KONI,1,1,0,1,0,1,0,1,0,1,1,1,0,0,Berolahraga,0,1,0,0,0,0,0,0,0,0
Pusat Olahraga KONI,1,1,0,1,0,1,0,1,0,1,1,1,1,0,Berolahraga,0,1,0,0,0,0,0,0,0,0
Pusat Olahraga KONI,1,1,0,1,0,0,0,1,0,1,1,0,1,1,Berolahraga,0,1,0,0,0,0,0,0,0,0
Pusat Olahraga KONI,1,1,0,1,0,1,0,1,0,1,1,0,1,1,Berolahraga,0,1,0,0,0,0,0,0,0,0
Pusat Olahraga KONI,1,1,0,1,0,1,0,1,0,1,1,0,1,0,Berolahraga,0,1,0,0,0,0,0,0,0,0
Pusat Olahraga KONI,1,1,0,0,0,1,0,1,1,1,1,1,1,0,Berolahraga,0,1,0,0,0,0,0,0,0,0
Pusat Olahraga KONI,1,1,0,0,0,0,0,1,1,1,1,0,1,1,Berolahraga,0,1,0,0,0,0,0,0,0,0
Pusat Olahraga KONI,1,1,1,0,0,1,0,0,0,0,0,1,1,0,"Makan, Berolahraga, Mengambil Foto",1,1,0,0,1,0,0,0,0,0
Pusat Olahraga KONI,1,1,1,0,0,1,0,1,0,0,1,1,1,0,"Makan, Berolahraga, Mengambil Foto",1,1,0,0,1,0,0,0,0,0
Pusat Olahraga KONI,1,1,1,0,0,0,0,1,0,0,1,1,1,0,Berolahraga,0,1,0,0,0,0,0,0,0,0
Pusat Olahraga KONI,1,1,1,0,0,0,0,1,0,1,1,1,1,0,Berolahraga,0,1,0,0,0,0,0,0,0,0
Pusat Olahraga KONI,1,1,1,0,0,0,0,1,0,0,1,1,1,0,"Berolahraga, Belajar",0,1,1,0,0,0,0,0,0,0
Pusat Olahraga KONI,1,1,0,0,0,0,0,1,0,1,1,1,1,0,"Berolahraga, Belajar",0,1,1,0,0,0,0,0,0,0
Pusat Olahraga KONI,1,1,1,0,0,0,0,1,0,1,1,1,1,0,"Berolahraga, Belajar, Mengambil Foto",0,1,1,0,1,0,0,0,0,0
Pusat Olahraga KONI,1,1,1,0,0,0,0,1,0,1,1,1,1,0,"Berolahraga, Belajar",0,1,1,0,0,0,0,0,0,0
Pusat Olahraga KONI,1,1,0,1,0,0,0,1,0,1,1,1,1,0,"Berolahraga, Belajar, Mengambil Foto",0,1,1,0,1,0,0,0,0,0
Pusat Olahraga KONI,1,1,1,0,0,0,0,1,0,1,1,1,1,0,"Berolahraga, Belajar, Mengambil Foto",0,1,1,0,1,0,0,0,0,0
Pusat Olahraga KONI,1,1,1,1,1,1,0,1,1,1,1,1,1,1,"Makan, Berolahraga, Mengambil Foto",1,1,0,0,1,0,0,0,0,0
Pusat Olahraga KONI,1,1,1,1,0,1,0,1,1,1,1,1,1,1,"Berolahraga, Belajar",0,1,1,0,0,0,0,0,0,0
Pusat Olahraga KONI,1,1,1,0,0,1,0,1,1,1,1,1,1,1,"Berolahraga, Belajar",0,1,1,0,0,0,0,0,0,0
Pusat Olahraga KONI,1,1,1,1,0,1,1,1,1,1,1,1,1,1,"Makan, Berolahraga, Belajar, Beribadah",1,1,1,0,0,1,0,0,0,0
Pusat Olahraga KONI,1,1,1,1,0,1,0,1,1,1,1,1,1,1,"Makan, Berolahraga, Belajar",1,1,1,0,0,0,0,0,0,0
Pusat Olahraga KONI,1,1,1,1,0,1,0,1,1,1,1,1,1,0,"Makan, Berolahraga, Belajar",1,1,1,0,0,0,0,0,0,0
Pusat Olahraga KONI,1,1,1,1,0,1,0,1,1,1,1,1,1,1,"Makan, Berolahraga, Belajar, Beribadah",1,1,1,0,0,1,0,0,0,0
Pusat Olahraga KONI,1,1,1,1,0,1,1,1,1,1,1,1,1,1,"Makan, Berolahraga, Belajar",1,1,1,0,0,0,0,0,0,0
Pusat Olahraga KONI,0,1,1,0,0,1,0,1,1,1,1,1,1,0,"Berolahraga, Belajar",0,1,1,0,0,0,0,0,0,0
Pusat Olahraga KONI,1,1,1,1,0,1,0,1,1,1,0,1,0,1,"Berolahraga, Belajar",0,1,1,0,0,0,0,0,0,0
Pusat Olahraga KONI,1,1,1,1,1,1,1,0,0,0,1,1,1,0,"Makan, Berolahraga, Mengambil Foto, Menonton pertandingan",1,1,0,0,1,0,0,0,0,0
Pusat Olahraga KONI,1,0,1,1,0,1,0,0,1,0,1,1,1,1,"Berolahraga, Mengambil Foto",0,1,0,0,1,0,0,0,0,0
Pusat Olahraga KONI,1,1,1,1,0,1,0,1,1,1,1,1,1,1,"Berolahraga, Mengambil Foto",0,1,0,0,1,0,0,0,0,0
Pusat Olahraga KONI,1,1,1,1,0,1,0,1,1,1,1,1,1,1,"Makan, Berolahraga, Menonton pertandingan",1,1,0,0,0,0,0,0,0,0
Pasar Pabean,1,1,1,1,1,1,1,1,1,1,0,1,1,1,"Makan, Berbelanja",1,0,0,0,0,0,0,0,1,0
Pasar Pabean,1,1,0,1,1,0,0,1,0,1,1,1,0,1,Berbelanja,0,0,0,0,0,0,0,0,1,0
Pasar Pabean,1,0,1,0,1,0,1,0,1,0,1,1,1,1,Makan,1,0,0,0,0,0,0,0,0,0
Pasar Pabean,1,1,0,1,1,0,1,0,1,1,1,1,1,0,"Makan, Berbelanja",1,0,0,0,0,0,0,0,1,0
Pasar Pabean,1,1,0,1,1,1,0,0,1,1,1,1,1,1,Makan,1,0,0,0,0,0,0,0,0,0
Pasar Pabean,1,1,1,1,0,1,0,1,0,1,1,1,0,1,"Makan, Berbelanja",1,0,0,0,0,0,0,0,1,0
Pasar Pabean,1,0,0,1,0,1,0,1,1,1,1,1,1,1,Makan,1,0,0,0,0,0,0,0,0,0
Pasar Pabean,1,0,1,1,1,1,0,1,0,1,1,0,1,1,"Makan, Berbelanja",1,0,0,0,0,0,0,0,1,0
Pasar Pabean,0,0,0,1,1,1,0,1,1,1,1,1,0,1,"Makan, Berbelanja",1,0,0,0,0,0,0,0,1,0
Pasar Pabean,1,1,0,1,1,1,0,1,1,0,1,1,1,1,Berbelanja,0,0,0,0,0,0,0,0,1,0
Pasar Pabean,0,0,0,0,1,1,0,0,0,0,0,1,1,0,"Makan, Berbelanja",1,0,0,0,0,0,0,0,1,0
Pasar Pabean,1,0,0,0,1,1,0,0,0,0,0,1,1,1,"Makan, Berbelanja",1,0,0,0,0,0,0,0,1,0
Pasar Pabean,0,0,0,0,1,1,0,1,1,0,0,1,0,0,Berbelanja,0,0,0,0,0,0,0,0,1,0
Pasar Pabean,1,0,0,0,0,1,0,1,0,0,1,1,1,0,Berbelanja,0,0,0,0,0,0,0,0,1,0
Pasar Pabean,1,0,0,0,0,1,0,0,1,0,0,1,1,0,Berbelanja,0,0,0,0,0,0,0,0,1,0
Pasar Pabean,1,1,1,1,1,1,0,0,0,0,1,1,1,0,"Makan, Mengambil Foto, Berbelanja",1,0,0,0,1,0,0,0,1,0
Pasar Pabean,1,1,0,1,1,1,0,1,0,0,1,0,1,1,"Makan, Beribadah, Berbelanja",1,0,0,0,0,1,0,0,1,0
Pasar Pabean,1,1,0,1,1,1,1,0,0,1,1,1,1,1,"Makan, Berolahraga, Mengambil Foto, Berbelanja",1,1,0,0,1,0,0,0,1,0
Pasar Pabean,1,1,0,1,1,1,1,1,0,0,1,1,1,0,"Makan, Mengambil Foto, Beribadah, Melihat Pemandangan, Berbelanja",1,0,0,0,1,1,0,1,1,0
Pasar Pabean,1,1,1,1,1,1,1,1,0,0,1,0,1,0,"Makan, Mengambil Foto, Berbelanja",1,0,0,0,1,0,0,0,1,0
Pasar Pabean,1,1,0,1,0,1,1,1,0,1,1,1,0,1,Berbelanja,0,0,0,0,0,0,0,0,1,0
Pasar Pabean,0,1,1,0,1,1,0,1,1,0,1,1,0,1,"Berolahraga, Mengambil Foto, Berbelanja",0,1,0,0,1,0,0,0,1,0
Pasar Pabean,1,0,1,1,1,0,1,0,1,1,1,1,1,0,"Makan, Mengambil Foto, Melihat Pemandangan, Berbelanja",1,0,0,0,1,0,0,1,1,0
Pasar Pabean,1,0,1,1,1,1,0,0,1,1,1,1,1,0,"Makan, Mengambil Foto, Berbelanja",1,0,0,0,1,0,0,0,1,0
Pasar Pabean,1,0,1,1,1,1,1,0,0,0,1,0,0,1,"Makan, Mengambil Foto, Berbelanja",1,0,0,0,1,0,0,0,1,0
Pasar Pabean,1,0,1,1,0,1,0,0,0,0,1,1,1,0,"Makan, Mengambil Foto, Melihat Pemandangan, Berbelanja",1,0,0,0,1,0,0,1,1,0
Pasar Pabean,0,0,1,1,1,1,0,0,0,1,1,0,1,1,"Makan, Mengambil Foto, Beribadah, Melihat Pemandangan, Berbelanja",1,0,0,0,1,1,0,1,1,0
Pasar Pabean,1,1,1,1,1,1,0,0,0,0,1,1,1,0,"Makan, Mengambil Foto, Beribadah, Berbelanja",1,0,0,0,1,1,0,0,1,0
Pasar Pabean,1,0,1,1,0,1,1,0,0,1,1,0,1,1,"Makan, Mengambil Foto, Beribadah, Melihat Pemandangan, Berbelanja",1,0,0,0,1,1,0,1,1,0
Pasar Pabean,1,0,1,1,1,1,0,1,0,0,1,1,1,0,"Makan, Melihat Pemandangan, Berbelanja",1,0,0,0,0,0,0,1,1,0
Pasar Pabean,1,1,1,1,0,1,1,1,1,1,1,0,0,1,"Makan, Berolahraga, Berbelanja",1,1,0,0,0,0,0,0,1,0
Pasar Pabean,1,1,1,1,0,1,0,1,1,1,0,0,0,1,"Makan, Mengambil Foto, Melihat Pemandangan, Berbelanja",1,0,0,0,1,0,0,1,1,0
Pasar Pabean,1,1,1,1,0,1,0,1,1,1,1,1,1,1,"Makan, Belajar, Mengambil Foto, Berbelanja",1,0,1,0,1,0,0,0,1,0
Pasar Pabean,1,1,1,1,0,1,0,1,0,1,1,1,0,1,"Makan, Mengambil Foto, Melihat Pemandangan, Berbelanja",1,0,0,0,1,0,0,1,1,0
Pasar Pabean,1,1,1,1,0,1,1,1,1,1,1,1,1,1,"Makan, Belajar, Mengambil Foto, Melihat Pemandangan, Berbelanja",1,0,1,0,1,0,0,1,1,0
Pasar Pabean,1,1,1,1,0,1,0,1,1,1,1,1,1,1,"Makan, Berolahraga, Belajar, Melihat Pemandangan, Berbelanja",1,1,1,0,0,0,0,1,1,0
Pasar Pabean,1,1,1,1,0,1,1,1,1,1,1,1,1,1,"Makan, Berolahraga, Belajar, Mengambil Foto, Beribadah, Melihat Pemandangan, Berbelanja",1,1,1,0,1,1,0,1,1,0
Pasar Pabean,0,0,1,0,0,1,0,1,1,1,1,1,1,1,"Makan, Berbelanja",1,0,0,0,0,0,0,0,1,0
Pasar Pabean,1,0,1,1,1,1,0,0,1,1,1,1,1,1,"Mengambil Foto, Berbelanja",0,0,0,0,1,0,0,0,1,0
Pasar Pabean,0,1,0,1,0,1,1,0,1,0,1,1,1,1,Berbelanja,0,0,0,0,0,0,0,0,1,0
Pasar Pabean,1,1,1,1,0,1,0,0,1,0,1,0,1,1,"Mengambil Foto, Berbelanja",0,0,0,0,1,0,0,0,1,0
Pasar Pabean,1,0,1,1,0,1,0,1,1,0,0,1,1,1,"Berolahraga, Mengambil Foto, Berbelanja",0,1,0,0,1,0,0,0,1,0
Pasar Pabean,1,0,1,1,0,1,0,0,1,0,1,1,1,1,"Berolahraga, Mengambil Foto, Berbelanja",0,1,0,0,1,0,0,0,1,0
Pasar Pabean,1,1,1,1,0,1,0,0,1,0,1,1,1,1,"Makan, Berbelanja",1,0,0,0,0,0,0,0,1,0
Pasar Pabean,1,0,1,1,0,1,1,0,1,0,1,1,1,1,"Makan, Berbelanja",1,0,0,0,0,0,0,0,1,0
Pasar Pabean,1,0,0,0,0,1,0,0,1,1,1,1,0,1,Berbelanja,0,0,0,0,0,0,0,0,1,0
Pasar Pabean,1,1,0,1,0,1,0,0,1,0,1,1,1,1,"Makan, Mengambil Foto, Berbelanja",1,0,0,0,1,0,0,0,1,0
Pasar Pabean,1,1,1,1,0,1,1,0,0,0,1,1,1,1,"Makan, Berbelanja",1,0,0,0,0,0,0,0,1,0
Pasar Pabean,1,1,1,1,0,1,0,1,1,0,1,0,1,1,"Mengambil Foto, Berbelanja",0,0,0,0,1,0,0,0,1,0
Pasar Pabean,1,1,0,1,0,1,0,1,1,0,1,1,1,1,"Makan, Belajar, Berbelanja",1,0,1,0,0,0,0,0,1,0
Pasar Genteng,0,0,0,0,1,1,0,1,0,0,0,1,1,1,"Makan Bersama, Berbelanja",1,0,0,0,0,0,0,0,1,0
Pasar Genteng,1,0,0,1,1,1,0,0,0,0,1,1,0,0,"Makan, Berbelanja",1,0,0,0,0,0,0,0,1,0
Pasar Genteng,1,0,0,1,1,1,1,1,0,1,1,1,1,0,"Makan, Mengambil Foto, Berbelanja",1,0,0,0,1,0,0,0,1,0
Pasar Genteng,1,1,1,1,0,1,0,0,0,1,1,1,1,0,"Makan, Berbelanja",1,0,0,0,0,0,0,0,1,0
Pasar Genteng,0,1,0,0,0,1,0,0,0,0,1,1,1,0,"Makan, Berbelanja",1,0,0,0,0,0,0,0,1,0
Pasar Genteng,1,1,0,1,0,1,0,0,1,1,1,1,1,0,"Makan, Mengambil Foto, Berbelanja",1,0,0,0,1,0,0,0,1,0
Pasar Genteng,1,1,0,0,0,1,0,1,0,0,1,1,1,0,"Makan, Berbelanja",1,0,0,0,0,0,0,0,1,0
Pasar Genteng,1,1,1,0,0,0,0,1,0,0,1,1,1,0,"Makan, Berbelanja",1,0,0,0,0,0,0,0,1,0
Pasar Genteng,1,1,1,1,0,1,0,1,0,0,1,1,1,0,Berbelanja,0,0,0,0,0,0,0,0,1,0
Pasar Genteng,1,1,1,1,1,1,1,1,1,1,1,1,1,0,"Makan, Mengambil Foto, Berbelanja",1,0,0,0,1,0,0,0,1,0
Pasar Genteng,1,1,1,0,1,1,0,1,0,1,1,1,1,0,"Makan, Berbelanja",1,0,0,0,0,0,0,0,1,0
Pasar Genteng,1,1,1,1,0,1,0,1,0,0,1,1,1,0,Berbelanja,0,0,0,0,0,0,0,0,1,0
Pasar Genteng,1,1,1,0,0,1,0,1,0,0,1,1,1,0,"Makan, Mengambil Foto, Berbelanja",1,0,0,0,1,0,0,0,1,0
Pasar Genteng,1,1,0,1,1,1,0,1,0,0,1,1,1,0,"Makan, Berbelanja",1,0,0,0,0,0,0,0,1,0
Pasar Genteng,1,1,1,0,0,1,0,1,0,0,1,1,1,0,"Makan, Berbelanja",1,0,0,0,0,0,0,0,1,0
Pasar Genteng,1,1,1,1,1,1,0,1,1,1,1,1,1,0,"Makan, Mengambil Foto, Berbelanja",1,0,0,0,1,0,0,0,1,0
Pasar Genteng,1,1,1,1,1,1,0,0,1,0,1,1,1,0,"Makan, Berbelanja",1,0,0,0,0,0,0,0,1,0
Pasar Genteng,1,0,1,1,1,1,1,0,1,1,1,1,1,0,Berbelanja,0,0,0,0,0,0,0,0,1,0
Pasar Genteng,1,0,1,1,1,1,0,0,1,1,1,1,1,0,Berbelanja,0,0,0,0,0,0,0,0,1,0
Pasar Genteng,1,0,1,1,1,1,0,0,1,0,1,1,1,0,"Makan, Berbelanja",1,0,0,0,0,0,0,0,1,0
Pasar Genteng,0,0,1,1,1,1,0,0,1,1,0,1,1,0,Berbelanja,0,0,0,0,0,0,0,0,1,0
Pasar Genteng,0,1,1,1,1,1,1,0,1,0,1,1,1,0,"Makan, Berbelanja",1,0,0,0,0,0,0,0,1,0
Pasar Genteng,1,0,1,1,1,1,0,0,1,1,1,1,1,0,Berbelanja,0,0,0,0,0,0,0,0,1,0
Pasar Genteng,0,1,1,1,1,1,1,0,0,0,1,1,1,0,"Makan, Berbelanja",1,0,0,0,0,0,0,0,1,0
Pasar Genteng,1,1,1,1,0,1,1,1,1,1,0,1,1,0,Berbelanja,0,0,0,0,0,0,0,0,1,0
Pasar Genteng,1,1,1,1,1,1,1,1,1,0,0,1,1,0,Berbelanja,0,0,0,0,0,0,0,0,1,0
Pasar Genteng,1,1,1,1,0,1,1,1,0,1,1,1,1,1,"Makan, Mengambil Foto, Melihat Pemandangan",1,0,0,0,1,0,0,1,0,0
Pasar Genteng,1,1,0,1,1,1,0,1,0,0,1,1,1,1,"Makan, Mengambil Foto, Berbelanja",1,0,0,0,1,0,0,0,1,0
Pasar Genteng,1,1,0,1,1,1,0,0,0,1,0,1,1,1,"Makan, Mengambil Foto, Berbelanja",1,0,0,0,1,0,0,0,1,0
Pasar Genteng,1,1,0,1,0,1,0,0,0,1,1,1,1,1,"Makan, Mengambil Foto, Berbelanja",1,0,0,0,1,0,0,0,1,0
Pasar Genteng,1,1,0,0,0,1,1,0,0,1,0,1,1,1,"Makan, Mengambil Foto, Berbelanja",1,0,0,0,1,0,0,0,1,0
Pasar Genteng,1,1,0,1,1,1,0,0,0,0,1,1,1,1,"Makan, Mengambil Foto, Melihat Pemandangan, Berbelanja",1,0,0,0,1,0,0,1,1,0
Pasar Genteng,1,1,0,1,1,1,0,0,0,0,1,1,1,1,"Makan, Berbelanja",1,0,0,0,0,0,0,0,1,0
Pasar Genteng,1,1,1,1,0,1,0,0,0,1,1,1,1,1,"Makan, Mengambil Foto, Berbelanja",1,0,0,0,1,0,0,0,1,0
Pasar Genteng,1,1,0,1,0,1,0,0,0,1,1,1,1,1,"Makan, Mengambil Foto, Berbelanja",1,0,0,0,1,0,0,0,1,0
Pasar Genteng,1,1,0,1,0,1,0,0,0,1,1,1,1,1,"Mengambil Foto, Berbelanja",0,0,0,0,1,0,0,0,1,0
Pasar Genteng,1,0,0,1,0,1,0,0,0,0,1,1,0,0,"Makan, Berbelanja",1,0,0,0,0,0,0,0,1,0
Pasar Genteng,1,1,1,1,0,1,0,0,0,0,0,1,1,0,Berbelanja,0,0,0,0,0,0,0,0,1,0
Pasar Genteng,1,1,1,1,0,1,0,0,0,0,1,1,1,0,Berbelanja,0,0,0,0,0,0,0,0,1,0
Pasar Genteng,1,1,1,0,0,1,0,0,0,0,1,0,0,0,Berbelanja,0,0,0,0,0,0,0,0,1,0
Pasar Genteng,1,1,1,1,0,1,0,0,0,0,1,1,0,0,"Makan, Berbelanja",1,0,0,0,0,0,0,0,1,0
Pasar Genteng,1,1,1,1,0,1,0,1,0,0,1,1,1,0,"Makan, Berbelanja",1,0,0,0,0,0,0,0,1,0
Pasar Genteng,1,1,0,1,0,1,0,1,0,0,0,1,1,0,Berbelanja,0,0,0,0,0,0,0,0,1,0
Pasar Genteng,1,1,1,0,0,1,0,1,0,0,1,1,0,0,"Makan, Berbelanja",1,0,0,0,0,0,0,0,1,0
Pasar Genteng,1,1,1,1,0,1,0,1,0,0,1,1,1,0,"Makan, Berbelanja",1,0,0,0,0,0,0,0,1,0
Pasar Genteng,1,1,1,1,0,1,0,1,0,0,1,1,1,0,"Makan, Berbelanja",1,0,0,0,0,0,0,0,1,0
Pasar Genteng,1,0,1,1,0,1,1,0,0,0,1,1,1,1,"Makan, Berbelanja",1,0,0,0,0,0,0,0,1,0
Pasar Genteng,1,0,1,1,1,1,0,0,1,0,0,1,0,1,Berbelanja,0,0,0,0,0,0,0,0,1,0
Pasar Genteng,1,0,1,1,0,1,1,0,1,0,1,1,1,1,"Makan, Berolahraga, Mengambil Foto, Berbelanja",1,1,0,0,1,0,0,0,1,0
Pasar Genteng,0,0,0,1,0,1,0,1,1,1,0,1,1,0,Berbelanja,0,0,0,0,0,0,0,0,1,0
Museum Surabaya Gedung Siola,1,1,0,1,0,1,0,1,1,1,1,1,1,0,Belajar,0,0,1,0,0,0,0,0,0,0
Museum Surabaya Gedung Siola,1,1,0,1,0,1,1,1,1,0,1,1,1,0,Belajar,0,0,1,0,0,0,0,0,0,0
Museum Surabaya Gedung Siola,1,1,1,1,1,1,0,1,1,1,1,1,1,1,Mengambil Foto,0,0,0,0,1,0,0,0,0,0
Museum Surabaya Gedung Siola,1,1,1,1,1,1,0,1,1,0,1,1,1,1,"Belajar, Mengambil Foto",0,0,1,0,1,0,0,0,0,0
Museum Surabaya Gedung Siola,1,1,1,1,1,1,0,1,1,1,1,1,1,1,"Makan, Berolahraga, Belajar, Mengambil Foto",1,1,1,0,1,0,0,0,0,0
Museum Surabaya Gedung Siola,1,1,1,1,1,1,0,1,1,1,1,1,1,1,"Belajar, Mengambil Foto",0,0,1,0,1,0,0,0,0,0
Museum Surabaya Gedung Siola,1,1,1,1,1,1,1,1,1,1,1,1,1,1,"Belajar, Mengambil Foto",0,0,1,0,1,0,0,0,0,0
Museum Surabaya Gedung Siola,1,1,0,1,0,1,0,1,1,1,1,1,1,1,"Belajar, Mengambil Foto",0,0,1,0,1,0,0,0,0,0
Museum Surabaya Gedung Siola,1,1,0,0,1,1,0,1,1,1,1,1,1,1,"Makan, Belajar, Mengambil Foto",1,0,1,0,1,0,0,0,0,0
Museum Surabaya Gedung Siola,1,1,1,0,1,0,1,1,1,1,1,1,1,1,"Belajar, Mengambil Foto",0,0,1,0,1,0,0,0,0,0
Museum Surabaya Gedung Siola,1,1,1,1,1,1,1,1,1,1,1,1,1,1,"Belajar, Mengambil Foto",0,0,1,0,1,0,0,0,0,0
Museum Surabaya Gedung Siola,1,1,0,1,0,1,0,1,1,1,1,1,1,1,"Makan, Belajar, Mengambil Foto",1,0,1,0,1,0,0,0,0,0
Museum Surabaya Gedung Siola,1,0,1,0,0,1,1,1,0,0,1,1,1,0,"Belajar, Mengambil Foto, Beribadah, Berbelanja",0,0,1,0,1,1,0,0,1,0
Museum Surabaya Gedung Siola,1,1,1,1,0,1,0,1,0,0,1,1,1,0,"Makan, Belajar, Mengambil Foto, Beribadah, Berbelanja",1,0,1,0,1,1,0,0,1,0
Museum Surabaya Gedung Siola,0,1,1,1,0,1,1,1,0,1,1,1,1,0,"Belajar, Mengambil Foto",0,0,1,0,1,0,0,0,0,0
Museum Surabaya Gedung Siola,0,1,1,1,0,1,1,1,1,0,1,1,1,0,"Makan, Belajar, Mengambil Foto",1,0,1,0,1,0,0,0,0,0
Museum Surabaya Gedung Siola,1,1,1,1,0,1,1,1,1,0,1,1,1,0,"Makan, Mengambil Foto, Beribadah",1,0,0,0,1,1,0,0,0,0
Museum Surabaya Gedung Siola,1,0,1,0,0,1,1,1,1,1,1,1,1,1,"Belajar, Mengambil Foto, Beribadah, Melihat Pemandangan",0,0,1,0,1,1,0,1,0,0
Museum Surabaya Gedung Siola,1,1,1,1,0,1,1,1,0,0,1,1,1,1,"Makan, Belajar, Mengambil Foto, Melihat Pemandangan, Berbelanja",1,0,1,0,1,0,0,1,1,0
Museum Surabaya Gedung Siola,1,1,1,1,0,1,0,1,0,1,1,1,1,0,"Makan, Belajar, Mengambil Foto, Beribadah",1,0,1,0,1,1,0,0,0,0
Museum Surabaya Gedung Siola,1,1,1,0,1,1,0,1,1,0,1,1,1,0,"Makan, Belajar, Mengambil Foto",1,0,1,0,1,0,0,0,0,0
Museum Surabaya Gedung Siola,1,0,0,1,0,1,0,1,1,0,1,1,1,0,"Makan, Berolahraga, Belajar, Mengambil Foto, Beribadah",1,1,1,0,1,1,0,0,0,0
Museum Surabaya Gedung Siola,1,1,0,1,1,1,0,1,0,0,1,1,1,1,"Belajar, Mengambil Foto, Beribadah, Berbelanja",0,0,1,0,1,1,0,0,1,0
Museum Surabaya Gedung Siola,0,0,1,1,0,1,1,1,1,1,1,0,1,1,"Makan, Belajar, Mengambil Foto, Beribadah, Berbelanja",1,0,1,0,1,1,0,0,1,0
Museum Surabaya Gedung Siola,1,0,0,1,0,1,1,1,1,0,1,1,1,0,"Makan, Belajar, Mengambil Foto, Beribadah, Berbelanja",1,0,1,0,1,1,0,0,1,0
Museum Surabaya Gedung Siola,0,1,0,1,0,1,1,1,0,0,1,1,1,1,"Makan, Belajar, Mengambil Foto",1,0,1,0,1,0,0,0,0,0
Museum Surabaya Gedung Siola,0,1,0,1,0,1,1,1,0,0,1,1,1,0,"Makan, Mengambil Foto, Berbelanja",1,0,0,0,1,0,0,0,1,0
Museum Surabaya Gedung Siola,1,0,0,0,0,1,0,1,0,0,1,1,1,1,"Belajar, Mengambil Foto",0,0,1,0,1,0,0,0,0,0
Museum Surabaya Gedung Siola,1,1,0,0,0,0,0,1,0,0,1,1,1,1,Belajar,0,0,1,0,0,0,0,0,0,0
Museum Surabaya Gedung Siola,1,0,0,0,0,0,0,1,0,0,1,1,1,0,"Belajar, Mengambil Foto",0,0,1,0,1,0,0,0,0,0
Museum Surabaya Gedung Siola,1,1,1,0,0,0,0,1,0,0,1,0,1,0,"Belajar, Mengambil Foto",0,0,1,0,1,0,0,0,0,0
Museum Surabaya Gedung Siola,1,1,0,0,0,0,0,1,0,0,1,0,0,1,Belajar,0,0,1,0,0,0,0,0,0,0
Museum Surabaya Gedung Siola,0,0,0,1,0,0,0,1,0,0,1,1,1,0,"Belajar, Mengambil Foto",0,0,1,0,1,0,0,0,0,0
Museum Surabaya Gedung Siola,1,0,0,0,0,0,0,1,0,0,1,1,1,0,"Belajar, Mengambil Foto",0,0,1,0,1,0,0,0,0,0
Museum Surabaya Gedung Siola,1,1,0,0,0,0,0,1,0,0,1,1,1,0,"Belajar, Mengambil Foto",0,0,1,0,1,0,0,0,0,0
Museum Surabaya Gedung Siola,1,0,0,0,0,0,0,1,0,0,1,1,1,0,Belajar,0,0,1,0,0,0,0,0,0,0
Museum Surabaya Gedung Siola,1,1,0,0,0,0,0,1,0,0,1,1,1,0,"Belajar, Mengambil Foto",0,0,1,0,1,0,0,0,0,0
Museum Surabaya Gedung Siola,1,0,1,1,0,0,1,1,1,0,1,1,1,0,"Belajar, Mengambil Foto, Melihat Pemandangan",0,0,1,0,1,0,0,1,0,0
Museum Surabaya Gedung Siola,1,1,1,0,0,0,1,1,1,1,1,1,1,0,"Belajar, Mengambil Foto",0,0,1,0,1,0,0,0,0,0
Museum Surabaya Gedung Siola,1,1,1,1,0,0,1,1,1,1,1,1,1,0,"Belajar, Mengambil Foto",0,0,1,0,1,0,0,0,0,0
Museum Surabaya Gedung Siola,1,1,1,1,1,0,1,1,1,0,1,1,0,0,Mengambil Foto,0,0,0,0,1,0,0,0,0,0
Museum Surabaya Gedung Siola,1,0,1,1,1,1,0,1,1,0,1,1,1,0,"Belajar, Mengambil Foto",0,0,1,0,1,0,0,0,0,0
Museum Surabaya Gedung Siola,1,1,1,1,1,1,1,1,1,0,1,1,1,0,"Mengambil Foto, Melihat Pemandangan",0,0,0,0,1,0,0,1,0,0
Museum Surabaya Gedung Siola,1,0,1,0,0,1,1,1,1,1,1,1,1,0,"Belajar, Mengambil Foto, Melihat Pemandangan",0,0,1,0,1,0,0,1,0,0
Museum Surabaya Gedung Siola,1,1,1,1,0,1,1,1,1,0,1,1,1,0,"Belajar, Mengambil Foto",0,0,1,0,1,0,0,0,0,0
Museum Surabaya Gedung Siola,1,1,1,1,1,1,1,1,1,0,1,1,1,0,"Belajar, Mengambil Foto",0,0,1,0,1,0,0,0,0,0
Museum Surabaya Gedung Siola,1,0,1,1,0,0,0,1,1,0,1,1,1,0,Mengambil Foto,0,0,0,0,1,0,0,0,0,0
Museum Surabaya Gedung Siola,1,1,1,0,0,1,1,1,1,0,1,1,1,1,"Makan, Belajar, Mengambil Foto",1,0,1,0,1,0,0,0,0,0
Museum Surabaya Gedung Siola,1,1,1,1,0,1,1,1,1,0,1,1,1,1,"Belajar, Mengambil Foto, Berbelanja",0,0,1,0,1,0,0,0,1,0
Museum Surabaya Gedung Siola,0,1,1,1,0,0,1,1,1,0,1,1,1,1,"Belajar, Mengambil Foto, Berbelanja",0,0,1,0,1,0,0,0,1,0
Museum Pendidikan Surabaya,1,1,1,1,1,1,1,1,1,1,0,1,1,1,"Makan Bersama, Berolahraga, Belajar, Berinteraksi dengan satwa",1,1,1,1,0,0,0,0,0,0
Museum Pendidikan Surabaya,1,1,0,1,1,1,1,1,0,1,1,1,0,0,"Belajar, Mengambil Foto",0,0,1,0,1,0,0,0,0,0
Museum Pendidikan Surabaya,1,0,1,0,0,1,0,1,1,1,1,1,1,0,"Belajar, Mengambil Foto",0,0,1,0,1,0,0,0,0,0
Museum Pendidikan Surabaya,1,0,0,1,0,1,0,1,1,1,1,1,1,0,"Belajar, Mengambil Foto",0,0,1,0,1,0,0,0,0,0
Museum Pendidikan Surabaya,1,0,0,0,0,1,0,1,1,1,1,1,1,0,"Belajar, Mengambil Foto, Beribadah",0,0,1,0,1,1,0,0,0,0
Museum Pendidikan Surabaya,1,0,1,1,0,1,0,1,1,0,1,1,1,0,"Belajar, Mengambil Foto",0,0,1,0,1,0,0,0,0,0
Museum Pendidikan Surabaya,0,0,1,1,0,1,1,1,1,0,1,1,1,0,"Makan, Belajar, Mengambil Foto",1,0,1,0,1,0,0,0,0,0
Museum Pendidikan Surabaya,0,1,1,1,0,1,0,1,0,0,1,1,1,0,"Belajar, Mengambil Foto",0,0,1,0,1,0,0,0,0,0
Museum Pendidikan Surabaya,1,1,1,1,0,1,1,1,1,1,1,1,1,0,"Makan, Belajar, Mengambil Foto",1,0,1,0,1,0,0,0,0,0
Museum Pendidikan Surabaya,0,1,1,1,0,0,0,1,1,1,1,1,1,0,"Makan, Belajar, Mengambil Foto, Beribadah",1,0,1,0,1,1,0,0,0,0
Museum Pendidikan Surabaya,1,1,1,1,1,0,1,1,0,0,1,1,1,0,"Makan, Mengambil Foto, Melihat Pemandangan",1,0,0,0,1,0,0,1,0,0
Museum Pendidikan Surabaya,1,1,1,1,0,1,0,1,0,1,1,1,1,1,"Belajar, Mengambil Foto",0,0,1,0,1,0,0,0,0,0
Museum Pendidikan Surabaya,0,1,1,1,0,1,0,1,0,1,1,1,1,0,"Makan, Belajar, Mengambil Foto, Melihat Pemandangan",1,0,1,0,1,0,0,1,0,0
Museum Pendidikan Surabaya,1,1,1,1,0,1,0,1,0,1,1,1,1,1,"Belajar, Mengambil Foto, Beribadah",0,0,1,0,1,1,0,0,0,0
Museum Pendidikan Surabaya,1,1,1,1,0,1,1,1,1,0,1,1,1,1,"Makan, Belajar, Mengambil Foto, Berkemah",1,0,1,0,1,0,1,0,0,0
Museum Pendidikan Surabaya,1,1,1,1,0,1,1,1,0,0,1,1,1,1,"Makan, Belajar, Mengambil Foto",1,0,1,0,1,0,0,0,0,0
Museum Pendidikan Surabaya,1,1,1,0,0,1,0,1,0,1,1,1,1,1,"Belajar, Mengambil Foto",0,0,1,0,1,0,0,0,0,0
Museum Pendidikan Surabaya,1,1,1,1,0,1,0,1,1,1,1,1,1,1,"Makan, Belajar, Mengambil Foto, Beribadah",1,0,1,0,1,1,0,0,0,0
Museum Pendidikan Surabaya,1,1,1,1,1,1,1,1,1,1,1,1,1,1,"Belajar, Mengambil Foto",0,0,1,0,1,0,0,0,0,0
Museum Pendidikan Surabaya,1,1,1,1,1,1,1,1,1,1,1,1,1,1,Mengambil Foto,0,0,0,0,1,0,0,0,0,0
Museum Pendidikan Surabaya,1,1,1,1,1,1,1,1,1,1,1,1,1,1,"Belajar, Mengambil Foto",0,0,1,0,1,0,0,0,0,0
Museum Pendidikan Surabaya,1,1,1,1,1,1,1,1,1,1,1,1,1,1,"Belajar, Mengambil Foto",0,0,1,0,1,0,0,0,0,0
Museum Pendidikan Surabaya,1,1,1,1,1,1,1,1,1,1,1,1,1,1,Mengambil Foto,0,0,0,0,1,0,0,0,0,0
Museum Pendidikan Surabaya,1,1,1,1,1,1,1,1,1,1,1,1,1,1,Mengambil Foto,0,0,0,0,1,0,0,0,0,0
Museum Pendidikan Surabaya,1,1,1,1,1,1,1,1,1,1,1,1,1,1,Mengambil Foto,0,0,0,0,1,0,0,0,0,0
Museum Pendidikan Surabaya,1,1,1,1,1,1,1,1,1,1,1,1,1,1,"Belajar, Mengambil Foto",0,0,1,0,1,0,0,0,0,0
Museum Pendidikan Surabaya,1,1,1,1,1,1,1,1,1,1,1,1,1,1,"Belajar, Mengambil Foto",0,0,1,0,1,0,0,0,0,0
Museum Pendidikan Surabaya,1,1,1,1,1,1,1,1,1,1,1,1,1,1,"Belajar, Mengambil Foto",0,0,1,0,1,0,0,0,0,0
Museum Pendidikan Surabaya,1,1,1,1,0,1,0,1,1,1,1,1,1,1,"Belajar, Berinteraksi dengan satwa, Mengambil Foto",0,0,1,1,1,0,0,0,0,0
Museum Pendidikan Surabaya,1,0,1,1,1,0,0,1,0,0,1,1,1,1,"Berolahraga, Mengambil Foto, Berkemah",0,1,0,0,1,0,1,0,0,0
Museum Pendidikan Surabaya,1,0,0,1,0,0,0,1,0,1,1,1,1,1,"Makan, Berolahraga, Belajar",1,1,1,0,0,0,0,0,0,0
Museum Pendidikan Surabaya,1,1,1,1,0,1,0,1,0,1,1,1,1,1,"Belajar, Mengambil Foto, Berkemah, Melihat Pemandangan",0,0,1,0,1,0,1,1,0,0
Museum Pendidikan Surabaya,1,0,0,1,0,1,0,1,1,1,1,1,1,0,"Berolahraga, Belajar, Mengambil Foto, Melihat Pemandangan",0,1,1,0,1,0,0,1,0,0
Museum Pendidikan Surabaya,1,0,1,1,0,0,1,1,0,0,1,1,1,0,"Belajar, Mengambil Foto, Berbelanja",0,0,1,0,1,0,0,0,1,0
Museum Pendidikan Surabaya,1,1,1,1,0,1,1,1,0,1,1,1,1,1,"Belajar, Mengambil Foto",0,0,1,0,1,0,0,0,0,0
Museum Pendidikan Surabaya,1,1,1,1,0,1,1,1,1,1,1,1,1,1,"Makan, Belajar, Mengambil Foto, Beribadah",1,0,1,0,1,1,0,0,0,0
Museum Pendidikan Surabaya,1,1,1,1,0,1,1,1,1,0,1,1,1,1,"Makan, Belajar, Mengambil Foto",1,0,1,0,1,0,0,0,0,0
Museum Pendidikan Surabaya,1,0,1,1,0,0,1,1,0,0,1,1,1,1,"Makan, Berolahraga, Mengambil Foto, Berbelanja",1,1,0,0,1,0,0,0,1,0
Museum Pendidikan Surabaya,1,1,1,1,1,1,1,1,1,1,1,1,1,0,"Belajar, Mengambil Foto",0,0,1,0,1,0,0,0,0,0
Museum Pendidikan Surabaya,1,1,1,1,1,1,1,1,1,1,1,1,1,0,Belajar,0,0,1,0,0,0,0,0,0,0
Museum Pendidikan Surabaya,1,1,1,0,1,0,0,1,1,1,1,1,1,0,Belajar,0,0,1,0,0,0,0,0,0,0
Museum Pendidikan Surabaya,1,1,1,1,1,1,1,1,1,1,1,1,1,0,Belajar,0,0,1,0,0,0,0,0,0,0
Museum Pendidikan Surabaya,1,1,1,1,1,1,0,1,0,1,1,1,1,0,"Belajar, Mengambil Foto",0,0,1,0,1,0,0,0,0,0
Museum Pendidikan Surabaya,1,1,1,1,0,1,0,1,1,1,1,1,1,0,"Belajar, Mengambil Foto",0,0,1,0,1,0,0,0,0,0
Museum Pendidikan Surabaya,1,1,1,1,1,1,1,1,1,1,1,1,1,0,"Belajar, Mengambil Foto",0,0,1,0,1,0,0,0,0,0
Museum Pendidikan Surabaya,1,1,1,1,1,1,1,1,1,1,1,1,1,0,Belajar,0,0,1,0,0,0,0,0,0,0
Museum Pendidikan Surabaya,1,1,1,1,1,1,0,1,0,1,1,1,1,0,"Belajar, Mengambil Foto",0,0,1,0,1,0,0,0,0,0
Museum Pendidikan Surabaya,1,1,1,1,0,1,0,1,0,1,1,1,1,0,"Belajar, Mengambil Foto",0,0,1,0,1,0,0,0,0,0
Museum Pendidikan Surabaya,1,0,1,1,0,0,1,1,1,1,1,1,1,1,"Belajar, Mengambil Foto",0,0,1,0,1,0,0,0,0,0
Museum Pendidikan Surabaya,0,1,1,1,0,1,1,1,1,0,1,1,1,0,"Makan, Belajar, Mengambil Foto, Berbelanja",1,0,1,0,1,0,0,0,1,0
Monumen Kapal Selam,0,0,0,1,0,0,1,1,0,0,1,1,1,0,"Berolahraga, Belajar",0,1,1,0,0,0,0,0,0,0
Monumen Kapal Selam,1,1,1,1,0,1,0,1,0,1,1,1,1,0,"Belajar, Mengambil Foto",0,0,1,0,1,0,0,0,0,0
Monumen Kapal Selam,1,1,1,1,1,1,1,1,1,1,1,1,1,1,"Mengambil Foto, Melihat Pemandangan",0,0,0,0,1,0,0,1,0,0
Monumen Kapal Selam,1,1,1,1,1,1,1,1,1,1,1,1,1,1,"Berolahraga, Mengambil Foto, Melihat Pemandangan",0,1,0,0,1,0,0,1,0,0
Monumen Kapal Selam,1,1,1,1,0,1,1,1,1,1,1,1,1,1,"Makan, Berolahraga, Mengambil Foto",1,1,0,0,1,0,0,0,0,0
Monumen Kapal Selam,1,1,1,1,1,1,1,1,1,1,1,1,1,1,"Berolahraga, Mengambil Foto, Melihat Pemandangan",0,1,0,0,1,0,0,1,0,0
Monumen Kapal Selam,1,1,1,1,1,1,1,1,1,1,1,1,1,1,"Berolahraga, Melihat Pemandangan",0,1,0,0,0,0,0,1,0,0
Monumen Kapal Selam,1,1,1,1,1,1,1,1,1,1,1,1,1,1,"Berolahraga, Mengambil Foto, Melihat Pemandangan",0,1,0,0,1,0,0,1,0,0
Monumen Kapal Selam,1,1,1,1,1,1,1,1,1,1,1,1,1,1,"Berolahraga, Mengambil Foto, Melihat Pemandangan",0,1,0,0,1,0,0,1,0,0
Monumen Kapal Selam,1,1,1,1,1,1,1,1,1,1,1,1,1,1,"Berolahraga, Mengambil Foto, Melihat Pemandangan",0,1,0,0,1,0,0,1,0,0
Monumen Kapal Selam,1,1,1,1,1,1,1,1,1,1,1,1,1,1,"Berolahraga, Mengambil Foto, Melihat Pemandangan",0,1,0,0,1,0,0,1,0,0
Monumen Kapal Selam,1,1,1,1,1,1,1,1,1,1,1,1,1,1,"Mengambil Foto, Melihat Pemandangan",0,0,0,0,1,0,0,1,0,0
Monumen Kapal Selam,1,1,0,1,0,1,1,1,0,0,1,1,1,1,"Makan, Belajar, Mengambil Foto, Beribadah, Berbelanja",1,0,1,0,1,1,0,0,1,0
Monumen Kapal Selam,1,1,1,1,0,1,1,1,0,0,1,1,1,1,"Makan, Belajar, Mengambil Foto, Melihat Pemandangan, Berbelanja",1,0,1,0,1,0,0,1,1,0
Monumen Kapal Selam,1,1,1,1,0,1,1,1,0,1,1,1,1,0,"Makan, Belajar, Mengambil Foto, Beribadah, Melihat Pemandangan, Berbelanja",1,0,1,0,1,1,0,1,1,0
Monumen Kapal Selam,0,0,1,1,0,1,0,1,0,1,1,1,1,1,"Makan, Belajar, Mengambil Foto",1,0,1,0,1,0,0,0,0,0
Monumen Kapal Selam,1,1,1,1,0,1,1,1,0,0,1,1,1,0,"Makan, Berolahraga, Mengambil Foto",1,1,0,0,1,0,0,0,0,0
Monumen Kapal Selam,1,1,1,1,0,1,1,1,0,0,1,1,1,0,"Makan, Berolahraga, Mengambil Foto, Melihat Pemandangan",1,1,0,0,1,0,0,1,0,0
Monumen Kapal Selam,0,1,1,1,0,1,1,1,0,1,1,1,1,1,"Makan, Belajar, Mengambil Foto, Beribadah, Berbelanja",1,0,1,0,1,1,0,0,1,0
Monumen Kapal Selam,1,1,1,1,0,1,1,1,0,1,1,1,1,0,"Makan, Berolahraga, Belajar, Mengambil Foto, Berbelanja",1,1,1,0,1,0,0,0,1,0
Monumen Kapal Selam,0,1,1,1,1,1,0,1,0,0,1,1,1,0,"Berolahraga, Mengambil Foto, Berbelanja",0,1,0,0,1,0,0,0,1,0
Monumen Kapal Selam,1,1,1,1,0,1,1,1,0,0,1,1,1,0,"Makan, Berolahraga, Belajar, Mengambil Foto, Melihat Pemandangan, Berbelanja",1,1,1,0,1,0,0,1,1,0
Monumen Kapal Selam,1,1,1,0,1,1,1,1,1,1,1,1,1,0,Belajar,0,0,1,0,0,0,0,0,0,0
Monumen Kapal Selam,1,1,1,1,1,1,1,1,1,1,1,1,1,0,Belajar,0,0,1,0,0,0,0,0,0,0
Monumen Kapal Selam,1,1,1,1,1,1,0,1,1,1,1,1,1,0,"Belajar, Mengambil Foto",0,0,1,0,1,0,0,0,0,0
Monumen Kapal Selam,1,1,1,0,1,1,0,1,0,1,1,1,1,0,"Belajar, Mengambil Foto",0,0,1,0,1,0,0,0,0,0
Monumen Kapal Selam,1,1,1,1,0,1,0,1,0,1,1,1,1,0,"Belajar, Mengambil Foto",0,0,1,0,1,0,0,0,0,0
Monumen Kapal Selam,1,1,1,1,1,1,1,1,1,1,1,1,1,0,Belajar,0,0,1,0,0,0,0,0,0,0
Monumen Kapal Selam,1,1,1,1,1,1,1,1,1,1,1,1,1,0,"Belajar, Mengambil Foto",0,0,1,0,1,0,0,0,0,0
Monumen Kapal Selam,1,1,1,1,0,1,0,1,0,1,1,1,1,0,Belajar,0,0,1,0,0,0,0,0,0,0
Monumen Kapal Selam,1,1,1,1,1,1,1,1,1,1,1,1,1,0,Belajar,0,0,1,0,0,0,0,0,0,0
Monumen Kapal Selam,1,1,1,1,1,1,1,1,1,1,1,1,1,0,"Belajar, Mengambil Foto",0,0,1,0,1,0,0,0,0,0
Monumen Kapal Selam,1,1,1,1,1,1,1,1,1,1,1,1,1,0,"Belajar, Mengambil Foto",0,0,1,0,1,0,0,0,0,0
Monumen Kapal Selam,1,1,1,1,1,1,0,1,1,1,1,1,1,0,Belajar,0,0,1,0,0,0,0,0,0,0
Monumen Kapal Selam,1,1,1,1,1,1,1,1,1,1,1,1,1,0,Belajar,0,0,1,0,0,0,0,0,0,0
Monumen Kapal Selam,1,1,1,1,1,1,1,1,1,1,1,1,1,0,"Belajar, Mengambil Foto",0,0,1,0,1,0,0,0,0,0
Monumen Kapal Selam,1,1,1,1,1,1,1,1,1,1,1,1,1,0,"Belajar, Mengambil Foto",0,0,1,0,1,0,0,0,0,0
Monumen Kapal Selam,1,1,1,1,0,1,0,1,0,0,1,1,1,0,"Makan, Belajar, Mengambil Foto",1,0,1,0,1,0,0,0,0,0
Monumen Kapal Selam,1,1,1,0,0,1,1,1,0,0,1,1,1,0,"Makan, Belajar, Mengambil Foto, Melihat Pemandangan",1,0,1,0,1,0,0,1,0,0
Monumen Kapal Selam,1,1,1,0,0,1,0,1,0,0,1,1,1,0,"Makan, Belajar, Mengambil Foto, Melihat Pemandangan",1,0,1,0,1,0,0,1,0,0
Monumen Kapal Selam,1,1,1,1,1,1,0,1,0,0,1,1,1,0,"Makan, Belajar, Mengambil Foto",1,0,1,0,1,0,0,0,0,0
Monumen Kapal Selam,1,1,1,1,1,1,0,1,0,0,1,1,1,0,"Makan, Belajar, Mengambil Foto, Melihat Pemandangan",1,0,1,0,1,0,0,1,0,0
Monumen Kapal Selam,1,1,1,1,1,1,1,1,0,0,1,1,1,0,"Makan, Belajar, Mengambil Foto, Melihat Pemandangan",1,0,1,0,1,0,0,1,0,0
Monumen Kapal Selam,1,1,1,1,0,1,1,1,0,0,1,1,1,0,"Makan, Belajar, Mengambil Foto",1,0,1,0,1,0,0,0,0,0
Monumen Kapal Selam,1,1,1,1,0,1,1,1,1,1,1,1,1,0,"Makan, Belajar, Mengambil Foto",1,0,1,0,1,0,0,0,0,0
Monumen Kapal Selam,1,1,1,1,1,1,1,0,0,0,1,1,1,0,"Belajar, Mengambil Foto, Melihat Pemandangan",0,0,1,0,1,0,0,1,0,0
Monumen Kapal Selam,1,1,1,1,1,1,1,1,1,1,1,1,1,0,"Makan, Belajar, Mengambil Foto, Melihat Pemandangan",1,0,1,0,1,0,0,1,0,0
Monumen Kapal Selam,1,1,1,1,0,1,1,1,1,1,1,1,1,1,"Makan, Belajar, Mengambil Foto, Berbelanja",1,0,1,0,1,0,0,0,1,0
Monumen Kapal Selam,1,1,1,1,1,1,1,1,1,1,1,0,1,1,"Makan, Belajar, Mengambil Foto, Melihat Pemandangan",1,0,1,0,1,0,0,1,0,0
Monumen Kapal Selam,1,1,1,0,0,1,1,1,1,1,1,1,1,1,"Mengambil Foto, Melihat Pemandangan, Berbelanja",0,0,0,0,1,0,0,1,1,0
Monumen Tugu Pahlawan,1,1,1,1,0,1,1,1,0,0,1,1,1,1,"Makan Bersama, Berolahraga, Belajar, Mengambil Foto, Beribadah",1,1,1,0,1,1,0,0,0,0
Monumen Tugu Pahlawan,0,1,0,1,0,0,1,1,0,1,1,1,1,1,Mengambil Foto,0,0,0,0,1,0,0,0,0,0
Monumen Tugu Pahlawan,1,0,0,1,0,0,0,1,0,0,1,1,0,1,"Berolahraga, Belajar, Mengambil Foto",0,1,1,0,1,0,0,0,0,0
Monumen Tugu Pahlawan,1,0,0,1,0,1,0,1,1,0,1,1,0,0,"Belajar, Mengambil Foto",0,0,1,0,1,0,0,0,0,0
Monumen Tugu Pahlawan,0,0,0,1,0,1,0,1,0,0,0,1,0,0,Mengambil Foto,0,0,0,0,1,0,0,0,0,0
Monumen Tugu Pahlawan,1,0,0,0,0,1,0,1,1,0,1,1,1,0,"Berolahraga, Belajar, Mengambil Foto",0,1,1,0,1,0,0,0,0,0
Monumen Tugu Pahlawan,0,0,0,0,0,1,0,1,0,0,1,1,1,1,"Makan, Berolahraga, Belajar, Mengambil Foto",1,1,1,0,1,0,0,0,0,0
Monumen Tugu Pahlawan,1,1,1,1,1,0,1,1,1,1,1,1,1,1,"Makan, Berolahraga, Belajar, Mengambil Foto, Beribadah, Melihat Pemandangan",1,1,1,0,1,1,0,1,0,0
Monumen Tugu Pahlawan,1,1,1,1,1,1,0,1,1,1,1,1,1,0,"Makan, Berolahraga, Belajar, Berinteraksi dengan satwa, Mengambil Foto, Melihat Pemandangan, Berbelanja",1,1,1,1,1,0,0,1,1,0
Monumen Tugu Pahlawan,1,1,1,1,1,1,0,1,1,1,1,1,1,1,"Makan, Berolahraga, Belajar, Mengambil Foto, Beribadah, Melihat Pemandangan, Berbelanja",1,1,1,0,1,1,0,1,1,0
Monumen Tugu Pahlawan,1,1,1,1,1,1,1,1,0,1,1,1,1,1,"Makan, Berolahraga, Berinteraksi dengan satwa, Mengambil Foto, Beribadah, Berkemah, Melihat Pemandangan, Berbelanja",1,1,0,1,1,1,1,1,1,0
Monumen Tugu Pahlawan,1,1,1,1,1,1,1,1,1,1,1,1,0,1,"Makan, Belajar, Mengambil Foto, Beribadah, Melihat Pemandangan, Berbelanja",1,0,1,0,1,1,0,1,1,0
Monumen Tugu Pahlawan,1,0,1,1,0,1,1,1,0,0,1,1,1,0,"Makan, Belajar, Mengambil Foto, Beribadah, Berbelanja",1,0,1,0,1,1,0,0,1,0
Monumen Tugu Pahlawan,1,0,1,1,0,1,1,1,1,0,1,1,1,0,"Makan, Belajar, Mengambil Foto, Berbelanja",1,0,1,0,1,0,0,0,1,0
Monumen Tugu Pahlawan,1,1,1,1,0,1,0,1,0,0,1,1,1,0,"Makan, Mengambil Foto, Berbelanja",1,0,0,0,1,0,0,0,1,0
Monumen Tugu Pahlawan,1,0,1,1,0,1,1,0,1,0,1,1,1,1,"Makan, Berolahraga, Mengambil Foto, Berbelanja",1,1,0,0,1,0,0,0,1,0
Monumen Tugu Pahlawan,1,1,1,1,0,0,1,1,0,0,1,1,1,1,"Makan, Berolahraga, Belajar, Mengambil Foto, Berbelanja",1,1,1,0,1,0,0,0,1,0
Monumen Tugu Pahlawan,1,1,1,1,0,1,1,1,0,0,1,1,1,1,"Makan, Belajar, Mengambil Foto",1,0,1,0,1,0,0,0,0,0
Monumen Tugu Pahlawan,1,1,1,1,0,1,0,0,0,0,1,1,1,0,"Makan, Berolahraga, Mengambil Foto",1,1,0,0,1,0,0,0,0,0
Monumen Tugu Pahlawan,1,1,1,1,0,0,0,1,1,0,1,1,1,0,"Makan, Berolahraga, Belajar, Mengambil Foto, Berbelanja",1,1,1,0,1,0,0,0,1,0
Monumen Tugu Pahlawan,0,1,1,1,0,1,1,0,1,0,1,1,1,0,"Makan, Berolahraga, Mengambil Foto, Melihat Pemandangan, Berbelanja",1,1,0,0,1,0,0,1,1,0
Monumen Tugu Pahlawan,0,1,1,1,0,1,1,1,0,0,1,1,1,1,"Makan, Berolahraga, Berbelanja",1,1,0,0,0,0,0,0,1,0
Monumen Tugu Pahlawan,1,1,0,1,0,1,0,1,1,1,1,1,1,0,"Makan, Berolahraga, Belajar, Mengambil Foto, Melihat Pemandangan",1,1,1,0,1,0,0,1,0,0
Monumen Tugu Pahlawan,1,1,1,1,0,1,0,1,1,1,1,1,1,0,"Makan, Belajar, Mengambil Foto, Melihat Pemandangan",1,0,1,0,1,0,0,1,0,0
Monumen Tugu Pahlawan,1,1,1,1,0,1,0,1,1,1,1,1,1,0,"Makan, Berolahraga, Belajar, Mengambil Foto, Melihat Pemandangan",1,1,1,0,1,0,0,1,0,0
Monumen Tugu Pahlawan,1,1,1,1,0,1,1,1,1,1,1,1,1,1,"Makan, Berolahraga, Belajar, Mengambil Foto, Beribadah, Melihat Pemandangan",1,1,1,0,1,1,0,1,0,0
Monumen Tugu Pahlawan,1,1,1,1,0,1,1,1,0,1,1,1,1,1,"Makan, Berolahraga, Belajar, Mengambil Foto, Melihat Pemandangan",1,1,1,0,1,0,0,1,0,0
Monumen Tugu Pahlawan,1,1,1,1,0,1,0,1,0,1,1,1,1,1,"Makan, Berolahraga, Belajar, Mengambil Foto, Melihat Pemandangan",1,1,1,0,1,0,0,1,0,0
Monumen Tugu Pahlawan,1,1,1,1,0,1,0,1,1,1,1,1,1,1,"Makan, Berolahraga, Belajar, Mengambil Foto, Melihat Pemandangan, Berbelanja",1,1,1,0,1,0,0,1,1,0
Monumen Tugu Pahlawan,1,1,1,1,0,1,1,1,0,1,1,1,1,1,"Makan, Berolahraga, Belajar, Mengambil Foto, Melihat Pemandangan",1,1,1,0,1,0,0,1,0,0
Monumen Tugu Pahlawan,1,1,1,1,0,1,0,1,1,1,1,1,1,0,"Makan, Berolahraga, Belajar, Mengambil Foto, Melihat Pemandangan",1,1,1,0,1,0,0,1,0,0
Monumen Tugu Pahlawan,1,1,1,1,0,1,1,1,1,1,1,1,1,1,"Makan, Berolahraga, Belajar, Mengambil Foto, Melihat Pemandangan",1,1,1,0,1,0,0,1,0,0
Monumen Tugu Pahlawan,1,0,0,1,0,1,0,1,1,1,1,1,1,1,"Mengambil Foto, Beribadah, Melihat Pemandangan",0,0,0,0,1,1,0,1,0,0
Monumen Tugu Pahlawan,1,1,0,1,0,1,0,1,0,1,1,1,1,0,Belajar,0,0,1,0,0,0,0,0,0,0
Monumen Tugu Pahlawan,1,1,0,1,0,1,0,1,1,1,1,1,1,0,"Belajar, Mengambil Foto",0,0,1,0,1,0,0,0,0,0
Monumen Tugu Pahlawan,1,1,0,1,0,1,0,1,1,1,1,1,1,1,"Belajar, Mengambil Foto",0,0,1,0,1,0,0,0,0,0
Monumen Tugu Pahlawan,1,1,0,1,0,1,0,1,1,1,1,1,1,1,Belajar,0,0,1,0,0,0,0,0,0,0
Monumen Tugu Pahlawan,1,1,1,1,0,1,1,1,1,1,1,1,1,0,"Makan, Berolahraga, Belajar, Mengambil Foto, Melihat Pemandangan",1,1,1,0,1,0,0,1,0,0
Monumen Tugu Pahlawan,1,1,1,1,0,1,1,1,1,1,1,1,1,0,"Berolahraga, Belajar, Mengambil Foto",0,1,1,0,1,0,0,0,0,0
Monumen Tugu Pahlawan,1,1,1,1,0,1,0,1,1,1,1,1,1,0,"Makan, Berolahraga, Belajar, Mengambil Foto",1,1,1,0,1,0,0,0,0,0
Monumen Tugu Pahlawan,1,1,1,1,0,1,1,1,1,1,1,1,1,0,"Makan, Berolahraga, Belajar, Mengambil Foto, Melihat Pemandangan",1,1,1,0,1,0,0,1,0,0
Monumen Tugu Pahlawan,1,1,1,1,0,1,0,1,1,1,1,1,1,0,"Berolahraga, Belajar, Mengambil Foto, Melihat Pemandangan",0,1,1,0,1,0,0,1,0,0
Monumen Tugu Pahlawan,1,1,1,1,0,1,1,1,1,1,1,1,1,0,"Berolahraga, Belajar, Mengambil Foto, Melihat Pemandangan",0,1,1,0,1,0,0,1,0,0
Monumen Tugu Pahlawan,1,1,1,1,0,1,0,1,1,1,1,1,1,0,"Makan, Berolahraga, Belajar, Mengambil Foto, Melihat Pemandangan",1,1,1,0,1,0,0,1,0,0
Monumen Tugu Pahlawan,1,1,1,0,0,1,0,1,1,1,1,1,1,0,"Makan, Berolahraga, Belajar, Mengambil Foto",1,1,1,0,1,0,0,0,0,0
Monumen Tugu Pahlawan,1,1,1,1,0,1,0,1,1,1,1,1,1,0,"Makan, Berolahraga, Belajar, Mengambil Foto, Berkemah, Melihat Pemandangan",1,1,1,0,1,0,1,1,0,0
Monumen Tugu Pahlawan,1,1,1,1,0,1,0,1,1,1,1,1,1,0,"Makan, Berolahraga, Belajar, Mengambil Foto, Melihat Pemandangan",1,1,1,0,1,0,0,1,0,0
Monumen Tugu Pahlawan,1,1,1,1,1,1,1,1,1,1,1,1,1,1,"Makan, Belajar, Mengambil Foto",1,0,1,0,1,0,0,0,0,0
Monumen Tugu Pahlawan,1,1,1,1,0,1,1,1,0,0,1,1,1,1,"Makan, Belajar, Melihat Pemandangan, Berbelanja",1,0,1,0,0,0,0,1,1,0
Monumen Tugu Pahlawan,1,1,1,0,0,1,1,1,1,0,1,1,1,1,"Makan, Berolahraga, Mengambil Foto",1,1,0,0,1,0,0,0,0,0
Mirota Batik & Handicraft,1,1,1,1,0,1,0,1,1,1,1,1,1,0,"Makan Bersama, Belajar, Mengambil Foto, Melihat Pemandangan",1,0,1,0,1,0,0,1,0,0
Mirota Batik & Handicraft,1,1,0,1,0,1,0,1,0,0,1,1,1,0,Berbelanja,0,0,0,0,0,0,0,0,1,0
Mirota Batik & Handicraft,1,1,1,1,0,1,1,1,1,0,1,1,1,0,"Makan, Berolahraga, Belajar, Mengambil Foto",1,1,1,0,1,0,0,0,0,0
Mirota Batik & Handicraft,1,1,0,1,1,0,1,1,1,1,1,0,1,1,"Makan, Belajar, Mengambil Foto",1,0,1,0,1,0,0,0,0,0
Mirota Batik & Handicraft,1,1,1,0,1,1,1,1,0,1,1,1,0,1,"Belajar, Mengambil Foto, Berbelanja",0,0,1,0,1,0,0,0,1,0
Mirota Batik & Handicraft,1,1,0,1,1,1,0,1,1,1,1,0,1,1,"Belajar, Mengambil Foto",0,0,1,0,1,0,0,0,0,0
Mirota Batik & Handicraft,1,1,1,0,1,1,0,1,1,1,1,1,1,1,"Belajar, Mengambil Foto, Berbelanja",0,0,1,0,1,0,0,0,1,0
Mirota Batik & Handicraft,1,1,1,0,1,1,1,0,1,1,0,1,1,1,"Mengambil Foto, Berbelanja",0,0,0,0,1,0,0,0,1,0
Mirota Batik & Handicraft,1,1,1,0,1,1,1,1,0,1,1,0,1,1,"Belajar, Mengambil Foto, Berbelanja",0,0,1,0,1,0,0,0,1,0
Mirota Batik & Handicraft,1,0,1,1,1,1,0,1,1,1,1,0,1,1,"Belajar, Berbelanja",0,0,1,0,0,0,0,0,1,0
Mirota Batik & Handicraft,1,1,1,1,0,1,1,0,1,1,1,0,1,1,"Belajar, Mengambil Foto, Berbelanja",0,0,1,0,1,0,0,0,1,0
Mirota Batik & Handicraft,1,0,1,1,1,0,1,1,1,1,1,0,1,1,"Belajar, Berbelanja",0,0,1,0,0,0,0,0,1,0
Mirota Batik & Handicraft,1,0,1,1,1,1,0,0,1,1,1,1,1,0,"Makan, Mengambil Foto, Beribadah, Melihat Pemandangan, Berbelanja",1,0,0,0,1,1,0,1,1,0
Mirota Batik & Handicraft,1,0,1,1,0,1,1,0,1,0,1,1,1,1,"Makan, Mengambil Foto, Berbelanja",1,0,0,0,1,0,0,0,1,0
Mirota Batik & Handicraft,1,1,1,1,0,1,1,0,1,1,1,1,1,1,"Makan, Mengambil Foto, Berbelanja",1,0,0,0,1,0,0,0,1,0
Mirota Batik & Handicraft,1,1,1,1,1,1,1,1,1,0,1,1,1,1,"Makan, Mengambil Foto, Beribadah, Berbelanja",1,0,0,0,1,1,0,0,1,0
Mirota Batik & Handicraft,1,0,1,1,0,1,1,1,0,0,1,1,1,0,"Mengambil Foto, Berbelanja",0,0,0,0,1,0,0,0,1,0
Mirota Batik & Handicraft,1,1,1,1,0,1,1,1,1,0,1,1,1,1,"Makan, Belajar, Mengambil Foto, Melihat Pemandangan, Berbelanja",1,0,1,0,1,0,0,1,1,0
Mirota Batik & Handicraft,1,1,1,1,0,1,1,1,1,1,1,1,1,1,"Makan, Belajar, Mengambil Foto, Melihat Pemandangan, Berbelanja",1,0,1,0,1,0,0,1,1,0
Mirota Batik & Handicraft,1,1,1,1,0,1,1,0,1,1,1,1,1,1,"Makan, Berbelanja",1,0,0,0,0,0,0,0,1,0
Mirota Batik & Handicraft,0,0,1,1,1,1,1,1,0,0,1,1,1,0,"Mengambil Foto, Berbelanja",0,0,0,0,1,0,0,0,1,0
Mirota Batik & Handicraft,1,1,1,1,0,1,1,1,1,1,1,1,1,0,"Makan, Belajar, Mengambil Foto, Berbelanja",1,0,1,0,1,0,0,0,1,0
Mirota Batik & Handicraft,0,0,1,1,0,1,1,1,0,0,1,1,1,0,"Makan, Belajar, Berbelanja",1,0,1,0,0,0,0,0,1,0
Mirota Batik & Handicraft,0,0,1,1,0,1,1,0,0,1,1,1,1,0,"Makan, Mengambil Foto, Berbelanja",1,0,0,0,1,0,0,0,1,0
Mirota Batik & Handicraft,1,1,1,1,0,1,1,1,0,0,1,1,1,0,Berbelanja,0,0,0,0,0,0,0,0,1,0
Mirota Batik & Handicraft,0,0,1,1,0,1,1,1,0,1,1,1,1,1,"Makan, Belajar, Mengambil Foto, Berbelanja",1,0,1,0,1,0,0,0,1,0
Mirota Batik & Handicraft,1,0,1,1,1,1,1,0,1,1,1,1,1,1,"Mengambil Foto, Berbelanja",0,0,0,0,1,0,0,0,1,0
Mirota Batik & Handicraft,1,1,1,1,0,1,1,1,0,0,1,1,1,0,"Makan, Berbelanja",1,0,0,0,0,0,0,0,1,0
Mirota Batik & Handicraft,0,1,1,1,0,1,1,1,0,1,1,1,1,0,Berbelanja,0,0,0,0,0,0,0,0,1,0
Mirota Batik & Handicraft,1,1,1,1,0,1,1,1,1,0,1,1,1,0,"Mengambil Foto, Berbelanja",0,0,0,0,1,0,0,0,1,0
Mirota Batik & Handicraft,1,0,1,1,0,1,1,1,0,0,1,1,1,0,"Belajar, Berbelanja",0,0,1,0,0,0,0,0,1,0
Mirota Batik & Handicraft,1,0,1,1,0,1,1,1,0,1,1,1,1,1,"Makan, Belajar, Mengambil Foto, Berbelanja",1,0,1,0,1,0,0,0,1,0
Mirota Batik & Handicraft,1,0,1,1,0,1,1,1,0,0,1,1,1,1,"Belajar, Mengambil Foto, Berbelanja",0,0,1,0,1,0,0,0,1,0
Mirota Batik & Handicraft,1,0,1,1,0,1,0,1,0,0,1,1,1,0,"Belajar, Berbelanja",0,0,1,0,0,0,0,0,1,0
Mirota Batik & Handicraft,1,0,1,1,0,1,1,0,1,1,1,1,1,0,"Mengambil Foto, Berbelanja",0,0,0,0,1,0,0,0,1,0
Mirota Batik & Handicraft,1,1,1,1,0,1,1,1,0,0,1,1,1,0,"Mengambil Foto, Berbelanja",0,0,0,0,1,0,0,0,1,0
Mirota Batik & Handicraft,1,0,1,1,0,1,1,1,0,1,1,1,1,1,"Makan, Belajar, Mengambil Foto, Berbelanja",1,0,1,0,1,0,0,0,1,0
Mirota Batik & Handicraft,1,0,1,1,1,1,1,0,1,1,1,1,1,1,"Makan, Belajar, Mengambil Foto, Berbelanja",1,0,1,0,1,0,0,0,1,0
Mirota Batik & Handicraft,1,0,1,1,0,1,1,0,0,1,1,1,1,0,"Mengambil Foto, Berbelanja",0,0,0,0,1,0,0,0,1,0
Mirota Batik & Handicraft,1,1,1,0,1,1,1,1,0,1,1,1,1,0,"Belajar, Mengambil Foto, Berbelanja",0,0,1,0,1,0,0,0,1,0
Mirota Batik & Handicraft,1,1,1,1,1,1,1,1,0,1,1,1,1,0,"Belajar, Mengambil Foto",0,0,1,0,1,0,0,0,0,0
Mirota Batik & Handicraft,1,1,1,1,1,1,1,1,1,1,1,1,1,0,"Belajar, Mengambil Foto, Berbelanja",0,0,1,0,1,0,0,0,1,0
Mirota Batik & Handicraft,1,1,1,1,1,1,1,1,1,1,1,1,1,0,"Belajar, Mengambil Foto",0,0,1,0,1,0,0,0,0,0
Mirota Batik & Handicraft,1,1,1,1,1,1,1,1,1,1,1,1,1,0,"Belajar, Mengambil Foto",0,0,1,0,1,0,0,0,0,0
Mirota Batik & Handicraft,1,1,1,0,1,1,0,1,0,1,1,1,1,0,"Belajar, Mengambil Foto, Melihat Pemandangan",0,0,1,0,1,0,0,1,0,0
Mirota Batik & Handicraft,1,1,1,1,1,1,1,1,1,1,1,1,1,0,"Belajar, Mengambil Foto",0,0,1,0,1,0,0,0,0,0
Mirota Batik & Handicraft,1,1,1,1,1,1,1,1,1,1,1,1,1,0,"Belajar, Mengambil Foto",0,0,1,0,1,0,0,0,0,0
Mirota Batik & Handicraft,1,1,1,1,1,1,1,1,0,1,1,1,1,0,Belajar,0,0,1,0,0,0,0,0,0,0
Mirota Batik & Handicraft,1,1,1,0,1,1,0,1,0,1,1,1,1,0,"Belajar, Mengambil Foto",0,0,1,0,1,0,0,0,0,0
Mirota Batik & Handicraft,0,1,0,1,1,1,1,0,1,1,1,1,1,1,"Makan, Mengambil Foto, Berbelanja",1,0,0,0,1,0,0,0,1,0
Masjid Nasional Al Akbar,1,1,0,0,0,1,0,1,1,1,1,1,1,0,Beribadah,0,0,0,0,0,1,0,0,0,0
Masjid Nasional Al Akbar,1,1,1,1,0,1,1,0,0,0,1,1,1,0,"Makan, Berolahraga, Mengambil Foto, Beribadah, Berbelanja",1,1,0,0,1,1,0,0,1,0
Masjid Nasional Al Akbar,1,1,0,1,0,1,0,1,0,0,1,1,1,0,"Mengambil Foto, Beribadah",0,0,0,0,1,1,0,0,0,0
Masjid Nasional Al Akbar,1,1,0,1,0,1,0,1,1,1,1,1,1,0,Beribadah,0,0,0,0,0,1,0,0,0,0
Masjid Nasional Al Akbar,1,1,1,1,0,1,1,1,1,1,1,1,1,0,"Belajar, Beribadah",0,0,1,0,0,1,0,0,0,0
Masjid Nasional Al Akbar,1,1,0,1,1,1,1,1,1,1,1,1,1,0,Beribadah,0,0,0,0,0,1,0,0,0,0
Masjid Nasional Al Akbar,1,1,0,1,0,1,0,1,1,1,1,1,1,0,Beribadah,0,0,0,0,0,1,0,0,0,0
Masjid Nasional Al Akbar,1,1,0,1,0,1,0,1,1,1,1,1,1,0,Beribadah,0,0,0,0,0,1,0,0,0,0
Masjid Nasional Al Akbar,1,1,1,1,1,1,1,1,1,1,1,1,1,1,"Mengambil Foto, Beribadah",0,0,0,0,1,1,0,0,0,0
Masjid Nasional Al Akbar,1,1,0,1,0,1,0,1,1,1,1,1,1,0,Beribadah,0,0,0,0,0,1,0,0,0,0
Masjid Nasional Al Akbar,1,1,1,1,0,1,0,1,1,1,1,1,1,0,Beribadah,0,0,0,0,0,1,0,0,0,0
Masjid Nasional Al Akbar,1,1,0,1,0,1,0,1,1,1,1,1,1,0,Beribadah,0,0,0,0,0,1,0,0,0,0
Masjid Nasional Al Akbar,1,1,0,1,0,1,0,1,1,1,1,1,1,0,Beribadah,0,0,0,0,0,1,0,0,0,0
Masjid Nasional Al Akbar,1,1,0,1,0,0,1,1,1,1,1,1,1,0,"Belajar, Mengambil Foto, Beribadah",0,0,1,0,1,1,0,0,0,0
Masjid Nasional Al Akbar,1,1,0,1,0,1,0,1,1,1,1,1,1,1,"Makan, Belajar, Mengambil Foto, Beribadah, Melihat Pemandangan",1,0,1,0,1,1,0,1,0,0
Masjid Nasional Al Akbar,1,1,1,1,0,1,0,1,1,1,1,1,1,1,"Makan, Mengambil Foto, Beribadah",1,0,0,0,1,1,0,0,0,0
Masjid Nasional Al Akbar,1,1,1,1,0,1,0,1,1,1,1,1,1,0,"Belajar, Mengambil Foto, Beribadah",0,0,1,0,1,1,0,0,0,0
Masjid Nasional Al Akbar,1,1,0,1,0,1,0,1,1,1,1,1,1,0,"Belajar, Mengambil Foto, Beribadah, Melihat Pemandangan",0,0,1,0,1,1,0,1,0,0
Masjid Nasional Al Akbar,1,1,1,1,0,1,0,1,1,1,1,1,1,0,"Makan, Belajar, Mengambil Foto, Beribadah, Melihat Pemandangan, Berbelanja",1,0,1,0,1,1,0,1,1,0
Masjid Nasional Al Akbar,1,1,1,1,0,1,0,1,1,1,1,1,1,1,"Makan, Belajar, Mengambil Foto, Beribadah, Melihat Pemandangan, Berbelanja",1,0,1,0,1,1,0,1,1,0
Masjid Nasional Al Akbar,1,1,1,1,1,1,0,1,1,1,1,1,1,1,"Mengambil Foto, Beribadah, Melihat Pemandangan",0,0,0,0,1,1,0,1,0,0
Masjid Nasional Al Akbar,1,1,0,1,1,1,0,1,1,1,1,1,1,1,"Mengambil Foto, Beribadah",0,0,0,0,1,1,0,0,0,0
Masjid Nasional Al Akbar,1,1,0,1,1,1,0,1,1,1,1,1,1,1,"Mengambil Foto, Beribadah",0,0,0,0,1,1,0,0,0,0
Masjid Nasional Al Akbar,1,1,0,1,1,1,1,1,1,1,1,1,1,1,"Mengambil Foto, Beribadah, Melihat Pemandangan",0,0,0,0,1,1,0,1,0,0
Masjid Nasional Al Akbar,1,1,0,1,1,1,1,1,1,1,1,1,1,1,"Belajar, Mengambil Foto, Beribadah",0,0,1,0,1,1,0,0,0,0
Masjid Nasional Al Akbar,1,1,0,1,1,1,1,1,1,1,1,1,1,1,"Mengambil Foto, Beribadah",0,0,0,0,1,1,0,0,0,0
Masjid Nasional Al Akbar,1,1,0,1,1,1,1,1,1,1,1,1,1,1,"Mengambil Foto, Beribadah",0,0,0,0,1,1,0,0,0,0
Masjid Nasional Al Akbar,1,1,1,1,1,1,1,1,1,1,1,1,1,1,"Mengambil Foto, Beribadah",0,0,0,0,1,1,0,0,0,0
Masjid Nasional Al Akbar,1,1,1,1,1,1,1,1,1,1,1,1,1,1,"Mengambil Foto, Beribadah, Melihat Pemandangan",0,0,0,0,1,1,0,1,0,0
Masjid Nasional Al Akbar,1,1,1,1,1,1,1,1,1,1,1,1,1,1,"Mengambil Foto, Beribadah, Melihat Pemandangan",0,0,0,0,1,1,0,1,0,0
Masjid Nasional Al Akbar,1,1,1,1,1,1,1,1,1,1,1,1,1,1,"Mengambil Foto, Beribadah, Melihat Pemandangan",0,0,0,0,1,1,0,1,0,0
Masjid Nasional Al Akbar,1,1,1,1,1,1,1,1,1,1,1,1,1,1,"Mengambil Foto, Beribadah, Melihat Pemandangan",0,0,0,0,1,1,0,1,0,0
Masjid Nasional Al Akbar,1,1,1,1,1,1,1,1,1,1,1,1,1,1,Beribadah,0,0,0,0,0,1,0,0,0,0
Masjid Nasional Al Akbar,1,1,1,1,1,1,1,1,1,1,1,1,1,1,"Mengambil Foto, Beribadah, Melihat Pemandangan",0,0,0,0,1,1,0,1,0,0
Masjid Nasional Al Akbar,1,1,1,1,1,1,1,1,1,1,1,1,1,1,"Mengambil Foto, Beribadah, Melihat Pemandangan",0,0,0,0,1,1,0,1,0,0
Masjid Nasional Al Akbar,1,1,0,1,0,1,0,1,1,1,1,1,1,1,"Mengambil Foto, Beribadah",0,0,0,0,1,1,0,0,0,0
Masjid Nasional Al Akbar,1,1,0,1,0,1,0,1,1,1,1,1,1,0,"Belajar, Mengambil Foto, Beribadah",0,0,1,0,1,1,0,0,0,0
Masjid Nasional Al Akbar,1,1,0,1,0,1,0,1,1,1,1,1,1,1,Beribadah,0,0,0,0,0,1,0,0,0,0
Masjid Nasional Al Akbar,1,1,0,1,0,1,0,1,1,1,1,1,1,0,"Mengambil Foto, Beribadah",0,0,0,0,1,1,0,0,0,0
Masjid Nasional Al Akbar,1,1,0,1,0,1,0,1,1,1,1,1,1,1,Beribadah,0,0,0,0,0,1,0,0,0,0
Masjid Nasional Al Akbar,1,1,0,1,0,1,0,1,1,1,1,1,1,1,"Belajar, Mengambil Foto, Beribadah, Melihat Pemandangan",0,0,1,0,1,1,0,1,0,0
Masjid Nasional Al Akbar,1,1,0,1,0,1,0,1,1,1,1,1,1,1,"Mengambil Foto, Beribadah",0,0,0,0,1,1,0,0,0,0
Masjid Nasional Al Akbar,1,1,0,1,0,1,0,1,1,1,1,1,1,1,"Belajar, Beribadah",0,0,1,0,0,1,0,0,0,0
Masjid Nasional Al Akbar,1,1,0,1,0,1,0,1,1,1,1,1,1,1,Beribadah,0,0,0,0,0,1,0,0,0,0
Masjid Nasional Al Akbar,1,1,0,1,0,1,0,1,1,1,1,1,1,1,"Mengambil Foto, Beribadah",0,0,0,0,1,1,0,0,0,0
Masjid Nasional Al Akbar,1,1,1,1,0,1,0,1,1,0,1,1,1,1,"Makan, Mengambil Foto, Beribadah",1,0,0,0,1,1,0,0,0,0
Masjid Nasional Al Akbar,1,1,1,1,1,1,1,1,1,1,1,1,1,1,"Makan, Mengambil Foto, Beribadah",1,0,0,0,1,1,0,0,0,0
Masjid Nasional Al Akbar,1,1,0,1,0,1,0,1,1,1,1,1,1,1,"Beribadah, Tempat beristirahat",0,0,0,0,0,1,0,0,0,0
Masjid Nasional Al Akbar,1,1,1,1,1,1,1,1,1,1,1,1,1,1,"Makan, Mengambil Foto, Beribadah",1,0,0,0,1,1,0,0,0,0
Masjid Nasional Al Akbar,1,1,1,1,0,1,0,1,1,1,1,1,1,1,"Makan, Beribadah, Berbelanja",1,0,0,0,0,1,0,0,1,0
Masjid Cheng Ho,1,0,1,0,1,1,0,1,0,0,1,1,0,1,"Belajar, Berinteraksi dengan satwa, Beribadah, Berkemah",0,0,1,1,0,1,1,0,0,0
Masjid Cheng Ho,1,1,0,1,0,1,0,1,1,1,1,1,1,0,Beribadah,0,0,0,0,0,1,0,0,0,0
Masjid Cheng Ho,1,1,0,1,0,1,0,1,0,1,1,1,1,1,"Makan, Belajar, Mengambil Foto, Beribadah",1,0,1,0,1,1,0,0,0,0
Masjid Cheng Ho,1,1,1,1,0,1,0,1,0,0,1,1,1,1,"Makan, Belajar, Mengambil Foto, Beribadah",1,0,1,0,1,1,0,0,0,0
Masjid Cheng Ho,1,1,1,1,0,1,1,1,0,1,1,1,1,1,"Makan, Belajar, Mengambil Foto, Beribadah, Melihat Pemandangan",1,0,1,0,1,1,0,1,0,0
Masjid Cheng Ho,1,1,1,1,0,1,0,1,0,0,1,1,1,1,"Makan, Belajar, Mengambil Foto, Beribadah, Melihat Pemandangan",1,0,1,0,1,1,0,1,0,0
Masjid Cheng Ho,1,1,1,1,0,1,1,1,0,1,1,1,1,1,"Makan, Belajar, Mengambil Foto, Beribadah, Melihat Pemandangan",1,0,1,0,1,1,0,1,0,0
Masjid Cheng Ho,1,1,0,1,1,1,0,1,1,1,0,1,1,1,Beribadah,0,0,0,0,0,1,0,0,0,0
Masjid Cheng Ho,1,1,0,1,0,1,0,1,1,1,0,0,1,1,Beribadah,0,0,0,0,0,1,0,0,0,0
Masjid Cheng Ho,1,1,0,1,0,1,0,1,1,1,1,0,1,0,Beribadah,0,0,0,0,0,1,0,0,0,0
Masjid Cheng Ho,1,1,0,1,0,1,0,1,1,1,1,1,1,0,Beribadah,0,0,0,0,0,1,0,0,0,0
Masjid Cheng Ho,1,1,0,1,0,1,0,1,1,1,1,0,1,0,Beribadah,0,0,0,0,0,1,0,0,0,0
Masjid Cheng Ho,1,1,0,1,0,1,0,1,1,1,1,1,1,0,Beribadah,0,0,0,0,0,1,0,0,0,0
Masjid Cheng Ho,1,1,0,1,0,1,0,1,1,1,1,0,1,1,Beribadah,0,0,0,0,0,1,0,0,0,0
Masjid Cheng Ho,1,1,0,1,0,0,0,1,1,1,1,1,1,0,Beribadah,0,0,0,0,0,1,0,0,0,0
Masjid Cheng Ho,1,1,0,1,0,1,0,1,1,1,1,0,1,0,Beribadah,0,0,0,0,0,1,0,0,0,0
Masjid Cheng Ho,1,1,1,1,0,1,0,1,1,0,1,1,1,0,Beribadah,0,0,0,0,0,1,0,0,0,0
Masjid Cheng Ho,1,1,1,1,1,0,1,1,1,1,1,1,1,1,"Makan, Belajar, Beribadah, Melihat Pemandangan",1,0,1,0,0,1,0,1,0,0
Masjid Cheng Ho,1,0,0,1,0,1,0,1,1,1,1,1,1,1,"Berolahraga, Belajar, Berinteraksi dengan satwa, Beribadah",0,1,1,1,0,1,0,0,0,0
Masjid Cheng Ho,1,1,0,1,0,1,1,0,1,1,1,1,0,1,"Makan, Berolahraga, Berinteraksi dengan satwa, Mengambil Foto",1,1,0,1,1,0,0,0,0,0
Masjid Cheng Ho,1,1,0,1,0,1,0,1,1,1,1,1,1,1,"Belajar, Berinteraksi dengan satwa, Mengambil Foto, Beribadah, Melihat Pemandangan",0,0,1,1,1,1,0,1,0,0
Masjid Cheng Ho,1,1,1,1,1,1,0,1,1,1,1,1,0,1,"Berolahraga, Belajar, Mengambil Foto",0,1,1,0,1,0,0,0,0,0
Masjid Cheng Ho,1,1,1,0,0,1,1,1,0,1,1,1,1,0,"Belajar, Mengambil Foto, Beribadah",0,0,1,0,1,1,0,0,0,0
Masjid Cheng Ho,1,0,1,1,0,1,1,1,1,0,1,1,1,1,"Berolahraga, Berinteraksi dengan satwa, Mengambil Foto, Beribadah, Melihat Pemandangan",0,1,0,1,1,1,0,1,0,0
Masjid Cheng Ho,1,1,1,0,1,1,0,1,1,1,1,0,1,1,"Makan, Belajar, Beribadah, Melihat Pemandangan",1,0,1,0,0,1,0,1,0,0
Masjid Cheng Ho,1,1,0,1,1,1,0,1,1,1,1,1,0,1,"Belajar, Berinteraksi dengan satwa, Mengambil Foto, Beribadah, Melihat Pemandangan",0,0,1,1,1,1,0,1,0,0
Masjid Cheng Ho,1,1,0,1,1,1,0,1,0,0,1,1,0,1,"Makan, Mengambil Foto, Beribadah, Melihat Pemandangan, Berbelanja",1,0,0,0,1,1,0,1,1,0
Masjid Cheng Ho,1,1,1,0,1,0,0,1,1,1,1,0,1,1,Beribadah,0,0,0,0,0,1,0,0,0,0
Masjid Cheng Ho,1,1,0,1,0,1,1,1,1,0,1,1,1,1,Beribadah,0,0,0,0,0,1,0,0,0,0
Masjid Cheng Ho,1,1,0,1,0,1,0,1,1,1,1,1,1,1,"Mengambil Foto, Beribadah",0,0,0,0,1,1,0,0,0,0
Masjid Cheng Ho,1,1,0,1,0,1,0,1,1,1,1,1,1,1,Beribadah,0,0,0,0,0,1,0,0,0,0
Masjid Cheng Ho,1,1,0,1,0,1,0,1,1,1,1,1,1,0,"Mengambil Foto, Beribadah",0,0,0,0,1,1,0,0,0,0
Masjid Cheng Ho,1,1,0,1,0,1,0,1,1,1,1,1,1,0,"Mengambil Foto, Beribadah",0,0,0,0,1,1,0,0,0,0
Masjid Cheng Ho,1,1,0,1,0,1,0,1,1,1,1,1,1,0,"Mengambil Foto, Beribadah",0,0,0,0,1,1,0,0,0,0
Masjid Cheng Ho,1,1,0,1,0,1,0,1,1,1,1,1,1,0,"Mengambil Foto, Beribadah",0,0,0,0,1,1,0,0,0,0
Masjid Cheng Ho,1,1,0,1,0,1,0,1,1,1,1,1,1,0,Beribadah,0,0,0,0,0,1,0,0,0,0
Masjid Cheng Ho,1,1,0,1,0,1,0,1,1,1,1,1,1,0,"Mengambil Foto, Beribadah",0,0,0,0,1,1,0,0,0,0
Masjid Cheng Ho,1,1,1,1,1,1,1,1,1,1,1,1,1,1,"Makan, Mengambil Foto",1,0,0,0,1,0,0,0,0,0
Masjid Cheng Ho,1,1,1,1,1,1,1,1,1,1,1,1,1,1,"Makan, Belajar, Mengambil Foto, Melihat Pemandangan",1,0,1,0,1,0,0,1,0,0
Masjid Cheng Ho,1,1,1,1,1,1,1,1,1,1,1,1,1,1,"Makan, Mengambil Foto, Beribadah, Melihat Pemandangan, Berbelanja",1,0,0,0,1,1,0,1,1,0
Masjid Cheng Ho,1,1,1,1,1,1,1,1,1,1,1,1,1,1,"Mengambil Foto, Beribadah",0,0,0,0,1,1,0,0,0,0
Masjid Cheng Ho,1,1,1,1,1,1,1,1,1,1,1,1,1,1,"Beribadah, Melihat Pemandangan, Berbelanja",0,0,0,0,0,1,0,1,1,0
Masjid Cheng Ho,1,1,1,1,1,1,1,1,1,1,1,1,1,1,"Makan, Mengambil Foto, Beribadah",1,0,0,0,1,1,0,0,0,0
Masjid Cheng Ho,1,1,1,1,1,1,1,1,1,1,1,1,1,1,"Beribadah, Melihat Pemandangan",0,0,0,0,0,1,0,1,0,0
Masjid Cheng Ho,1,1,1,1,1,1,1,1,1,1,1,1,1,1,"Mengambil Foto, Beribadah, Melihat Pemandangan",0,0,0,0,1,1,0,1,0,0
Masjid Cheng Ho,1,1,1,1,1,1,1,1,1,1,1,1,1,1,Beribadah,0,0,0,0,0,1,0,0,0,0
Masjid Cheng Ho,1,1,1,1,1,1,1,1,1,1,1,1,1,1,"Mengambil Foto, Beribadah",0,0,0,0,1,1,0,0,0,0
Masjid Cheng Ho,1,1,1,1,1,1,1,1,1,1,1,1,1,1,"Makan, Mengambil Foto, Beribadah",1,0,0,0,1,1,0,0,0,0
Masjid Cheng Ho,1,1,1,1,1,1,1,1,1,1,1,1,1,1,"Makan, Mengambil Foto, Beribadah",1,0,0,0,1,1,0,0,0,0
Masjid Cheng Ho,1,1,0,1,0,1,0,1,1,1,1,1,1,1,"Belajar, Beribadah, Melihat Pemandangan",0,0,1,0,0,1,0,1,0,0
Makam Sunan Ampel,1,1,0,1,0,1,0,1,1,1,1,1,0,0,"Mengambil Foto, Beribadah, Melihat Pemandangan, Berbelanja",0,0,0,0,1,1,0,1,1,0
Makam Sunan Ampel,1,1,0,0,1,0,0,1,1,1,1,1,1,1,"Belajar, Mengambil Foto, Beribadah",0,0,1,0,1,1,0,0,0,0
Makam Sunan Ampel,1,1,0,1,1,1,1,1,1,1,1,0,1,0,"Belajar, Mengambil Foto",0,0,1,0,1,0,0,0,0,0
Makam Sunan Ampel,1,1,1,1,0,1,0,1,1,1,1,1,1,1,"Mengambil Foto, Beribadah",0,0,0,0,1,1,0,0,0,0
Makam Sunan Ampel,1,1,0,1,0,0,0,1,1,1,1,1,1,1,"Belajar, Mengambil Foto, Beribadah",0,0,1,0,1,1,0,0,0,0
Makam Sunan Ampel,1,1,0,1,1,0,0,1,1,1,1,1,1,1,"Belajar, Mengambil Foto",0,0,1,0,1,0,0,0,0,0
Makam Sunan Ampel,1,0,0,0,0,1,0,1,1,0,1,1,1,0,"Beribadah, Melihat Pemandangan",0,0,0,0,0,1,0,1,0,0
Makam Sunan Ampel,0,1,0,1,0,1,0,0,1,1,1,1,1,0,Beribadah,0,0,0,0,0,1,0,0,0,0
Makam Sunan Ampel,1,1,0,1,0,0,0,1,1,1,1,1,0,0,"Beribadah, Melihat Pemandangan",0,0,0,0,0,1,0,1,0,0
Makam Sunan Ampel,1,1,0,1,0,0,0,0,1,0,1,1,0,0,"Belajar, Beribadah",0,0,1,0,0,1,0,0,0,0
Makam Sunan Ampel,0,1,0,1,0,1,0,0,1,1,1,1,1,0,Beribadah,0,0,0,0,0,1,0,0,0,0
Makam Sunan Ampel,1,1,1,1,0,1,0,1,0,1,1,1,1,0,"Belajar, Beribadah",0,0,1,0,0,1,0,0,0,0
Makam Sunan Ampel,1,1,0,0,0,1,0,1,0,1,1,1,1,0,"Belajar, Beribadah",0,0,1,0,0,1,0,0,0,0
Makam Sunan Ampel,1,1,0,1,0,1,0,1,0,1,1,1,1,0,"Belajar, Beribadah",0,0,1,0,0,1,0,0,0,0
Makam Sunan Ampel,1,1,0,0,0,1,0,1,0,0,1,1,1,0,"Belajar, Beribadah",0,0,1,0,0,1,0,0,0,0
Makam Sunan Ampel,1,1,0,1,0,1,0,1,0,0,1,1,1,0,"Belajar, Mengambil Foto, Beribadah",0,0,1,0,1,1,0,0,0,0
Makam Sunan Ampel,0,1,1,1,0,0,1,1,0,0,1,1,1,1,"Makan, Mengambil Foto, Berbelanja",1,0,0,0,1,0,0,0,1,0
Makam Sunan Ampel,0,1,1,1,0,0,1,1,0,0,1,1,1,1,"Makan, Belajar, Mengambil Foto, Beribadah, Melihat Pemandangan, Berbelanja",1,0,1,0,1,1,0,1,1,0
Makam Sunan Ampel,1,1,0,0,0,1,0,1,1,1,1,1,1,0,"Makan, Belajar, Mengambil Foto, Beribadah, Melihat Pemandangan, Berbelanja",1,0,1,0,1,1,0,1,1,0
Makam Sunan Ampel,1,1,1,1,0,1,0,1,1,1,1,1,1,1,"Belajar, Mengambil Foto, Beribadah, Berbelanja",0,0,1,0,1,1,0,0,1,0
Makam Sunan Ampel,1,1,1,1,0,1,0,1,1,1,1,1,1,1,"Belajar, Beribadah, Melihat Pemandangan, Berbelanja",0,0,1,0,0,1,0,1,1,0
Makam Sunan Ampel,1,1,1,1,0,1,1,1,1,1,1,1,1,0,"Makan, Belajar, Mengambil Foto, Beribadah",1,0,1,0,1,1,0,0,0,0
Makam Sunan Ampel,1,1,0,1,0,1,1,0,0,1,1,1,1,1,"Makan, Belajar, Beribadah, Berbelanja",1,0,1,0,0,1,0,0,1,0
Makam Sunan Ampel,1,1,0,1,0,1,0,1,1,1,1,1,1,0,"Belajar, Mengambil Foto, Beribadah",0,0,1,0,1,1,0,0,0,0
Makam Sunan Ampel,1,1,1,1,0,1,1,1,0,1,1,1,1,1,"Makan, Belajar, Mengambil Foto, Beribadah, Berbelanja",1,0,1,0,1,1,0,0,1,0
Makam Sunan Ampel,1,1,1,1,0,1,1,1,1,1,1,1,1,1,"Makan, Belajar, Mengambil Foto, Beribadah",1,0,1,0,1,1,0,0,0,0
Makam Sunan Ampel,1,1,0,1,1,1,1,1,1,1,1,1,1,1,"Makan, Belajar, Mengambil Foto, Beribadah, Berbelanja",1,0,1,0,1,1,0,0,1,0
Makam Sunan Ampel,1,1,1,1,0,1,1,1,1,1,1,1,1,1,"Belajar, Mengambil Foto, Beribadah, Berbelanja",0,0,1,0,1,1,0,0,1,0
Makam Sunan Ampel,1,1,1,1,0,1,1,1,1,1,1,1,1,1,"Belajar, Beribadah, Berbelanja",0,0,1,0,0,1,0,0,1,0
Makam Sunan Ampel,1,1,1,1,0,1,0,1,1,1,1,1,1,1,"Belajar, Beribadah",0,0,1,0,0,1,0,0,0,0
Makam Sunan Ampel,1,1,0,1,0,1,0,1,1,1,1,1,1,1,"Belajar, Mengambil Foto, Beribadah, Berbelanja",0,0,1,0,1,1,0,0,1,0
Makam Sunan Ampel,0,0,1,1,0,1,0,0,0,0,1,1,1,0,Berbelanja,0,0,0,0,0,0,0,0,1,0
Makam Sunan Ampel,1,1,0,1,0,0,0,1,1,0,1,1,0,1,"Mengambil Foto, Beribadah",0,0,0,0,1,1,0,0,0,0
Makam Sunan Ampel,1,1,0,1,0,1,0,1,0,0,1,1,0,0,"Mengambil Foto, Melihat Pemandangan",0,0,0,0,1,0,0,1,0,0
Makam Sunan Ampel,1,0,0,1,0,1,0,1,1,0,1,0,1,0,"Belajar, Mengambil Foto",0,0,1,0,1,0,0,0,0,0
Makam Sunan Ampel,1,0,0,1,0,1,0,1,1,0,1,1,0,0,"Belajar, Melihat Pemandangan",0,0,1,0,0,0,0,1,0,0
Makam Sunan Ampel,1,0,0,1,1,1,0,1,0,0,1,1,0,0,"Mengambil Foto, Beribadah",0,0,0,0,1,1,0,0,0,0
Makam Sunan Ampel,1,1,0,1,0,1,0,1,0,0,1,1,1,0,"Belajar, Mengambil Foto, Beribadah, Melihat Pemandangan",0,0,1,0,1,1,0,1,0,0
Makam Sunan Ampel,1,1,1,1,0,0,0,1,1,0,1,1,0,0,"Makan, Belajar, Mengambil Foto",1,0,1,0,1,0,0,0,0,0
Makam Sunan Ampel,1,1,0,1,0,1,0,1,1,0,1,0,1,0,"Makan, Mengambil Foto, Melihat Pemandangan",1,0,0,0,1,0,0,1,0,0
Makam Sunan Ampel,1,1,1,0,0,1,0,1,0,1,1,0,1,1,"Belajar, Berinteraksi dengan satwa, Mengambil Foto, Melihat Pemandangan",0,0,1,1,1,0,0,1,0,0
Makam Sunan Ampel,1,1,0,1,0,1,0,1,1,1,1,1,0,1,"Belajar, Berinteraksi dengan satwa, Mengambil Foto, Beribadah, Melihat Pemandangan",0,0,1,1,1,1,0,1,0,0
Makam Sunan Ampel,1,1,0,1,1,1,0,1,1,1,1,1,1,0,"Belajar, Beribadah",0,0,1,0,0,1,0,0,0,0
Makam Sunan Ampel,1,1,1,1,0,1,1,1,1,0,1,0,1,0,"Mengambil Foto, Beribadah",0,0,0,0,1,1,0,0,0,0
Makam Sunan Ampel,1,1,1,1,1,1,1,1,1,1,1,1,1,1,Beribadah,0,0,0,0,0,1,0,0,0,0
Makam Sunan Ampel,1,1,1,1,0,0,0,1,0,0,1,1,0,0,Belajar,0,0,1,0,0,0,0,0,0,0
Makam Sunan Ampel,1,1,1,1,1,1,1,1,1,1,1,1,1,1,"Belajar, Mengambil Foto, Beribadah",0,0,1,0,1,1,0,0,0,0
Makam Sunan Ampel,1,1,0,1,1,1,0,1,1,1,1,1,0,1,"Mengambil Foto, Beribadah",0,0,0,0,1,1,0,0,0,0
Makam Sunan Ampel,0,1,1,1,0,1,1,1,1,1,1,1,1,1,"Belajar, Beribadah",0,0,1,0,0,1,0,0,0,0
Makam Sunan Ampel,1,1,1,0,0,1,0,1,1,1,1,1,1,1,"Makan, Belajar, Beribadah, Melihat Pemandangan, Berbelanja",1,0,1,0,0,1,0,1,1,0
Kuliner Pecinan Kembang Jepun,0,1,0,1,0,0,1,1,1,0,1,1,0,1,"Berolahraga, Berinteraksi dengan satwa, Berkemah",0,1,0,1,0,0,1,0,0,0
Kuliner Pecinan Kembang Jepun,1,1,1,1,0,0,1,1,0,1,0,1,0,1,"Makan, Mengambil Foto",1,0,0,0,1,0,0,0,0,0
Kuliner Pecinan Kembang Jepun,1,1,1,0,0,0,1,0,0,1,1,1,1,0,"Makan, Mengambil Foto",1,0,0,0,1,0,0,0,0,0
Kuliner Pecinan Kembang Jepun,1,1,0,1,1,1,1,0,0,0,1,1,1,1,"Makan, Belajar, Mengambil Foto, Beribadah, Melihat Pemandangan, Berbelanja",1,0,1,0,1,1,0,1,1,0
Kuliner Pecinan Kembang Jepun,1,1,0,1,1,1,1,0,0,0,1,1,1,1,"Makan, Mengambil Foto, Berbelanja",1,0,0,0,1,0,0,0,1,0
Kuliner Pecinan Kembang Jepun,1,1,1,1,0,1,1,1,0,0,1,1,1,1,"Makan, Mengambil Foto, Melihat Pemandangan, Berbelanja",1,0,0,0,1,0,0,1,1,0
Kuliner Pecinan Kembang Jepun,0,1,0,1,0,1,1,0,0,0,1,1,1,1,"Makan, Mengambil Foto, Melihat Pemandangan",1,0,0,0,1,0,0,1,0,0
Kuliner Pecinan Kembang Jepun,0,1,0,1,1,1,1,1,0,0,1,1,1,1,"Makan, Mengambil Foto, Berbelanja",1,0,0,0,1,0,0,0,1,0
Kuliner Pecinan Kembang Jepun,1,1,1,1,1,0,1,0,1,0,1,1,1,0,"Makan, Mengambil Foto, Melihat Pemandangan",1,0,0,0,1,0,0,1,0,0
Kuliner Pecinan Kembang Jepun,1,1,1,1,0,1,1,1,0,0,1,0,1,0,"Makan, Mengambil Foto, Beribadah, Melihat Pemandangan, Berbelanja",1,0,0,0,1,1,0,1,1,0
Kuliner Pecinan Kembang Jepun,1,1,1,1,0,1,1,0,0,1,1,1,1,0,"Makan, Mengambil Foto, Melihat Pemandangan",1,0,0,0,1,0,0,1,0,0
Kuliner Pecinan Kembang Jepun,1,1,1,1,0,1,1,0,1,1,1,1,1,1,"Makan, Mengambil Foto, Beribadah, Melihat Pemandangan, Berbelanja",1,0,0,0,1,1,0,1,1,0
Kuliner Pecinan Kembang Jepun,1,1,1,1,1,1,1,1,0,0,1,1,1,0,"Makan, Melihat Pemandangan, Berbelanja",1,0,0,0,0,0,0,1,1,0
Kuliner Pecinan Kembang Jepun,1,1,1,1,0,1,1,0,0,0,1,1,1,1,"Makan, Berolahraga, Beribadah, Melihat Pemandangan, Berbelanja",1,1,0,0,0,1,0,1,1,0
Kuliner Pecinan Kembang Jepun,1,1,1,1,0,1,1,1,0,1,1,1,1,1,"Makan, Belajar, Mengambil Foto, Beribadah, Melihat Pemandangan, Berbelanja",1,0,1,0,1,1,0,1,1,0
Kuliner Pecinan Kembang Jepun,1,1,1,1,0,1,1,0,0,0,1,1,1,0,"Makan, Mengambil Foto",1,0,0,0,1,0,0,0,0,0
Kuliner Pecinan Kembang Jepun,1,1,1,1,0,1,1,0,0,1,1,1,1,1,"Makan, Mengambil Foto, Beribadah, Melihat Pemandangan, Berbelanja",1,0,0,0,1,1,0,1,1,0
Kuliner Pecinan Kembang Jepun,1,1,1,1,1,1,1,1,0,1,1,1,1,1,"Makan, Mengambil Foto, Beribadah, Melihat Pemandangan, Berbelanja",1,0,0,0,1,1,0,1,1,0
Kuliner Pecinan Kembang Jepun,1,1,0,1,1,1,1,0,0,0,1,1,0,0,"Makan, Mengambil Foto, Berbelanja",1,0,0,0,1,0,0,0,1,0
Kuliner Pecinan Kembang Jepun,1,0,0,0,1,1,0,0,0,0,1,1,1,1,"Makan, Berbelanja",1,0,0,0,0,0,0,0,1,0
Kuliner Pecinan Kembang Jepun,1,0,0,1,1,1,1,0,0,0,1,1,1,0,"Makan, Mengambil Foto",1,0,0,0,1,0,0,0,0,0
Kuliner Pecinan Kembang Jepun,1,0,0,0,1,1,1,0,0,0,1,0,1,0,"Makan, Berbelanja",1,0,0,0,0,0,0,0,1,0
Kuliner Pecinan Kembang Jepun,1,0,0,0,0,1,1,0,0,0,1,1,1,1,"Makan, Mengambil Foto, Berbelanja",1,0,0,0,1,0,0,0,1,0
Kuliner Pecinan Kembang Jepun,1,0,0,1,0,1,0,0,0,0,1,1,1,0,Makan,1,0,0,0,0,0,0,0,0,0
Kuliner Pecinan Kembang Jepun,1,1,0,1,1,0,0,0,0,0,0,1,1,0,"Makan, Berbelanja",1,0,0,0,0,0,0,0,1,0
Kuliner Pecinan Kembang Jepun,1,0,0,0,1,1,0,0,0,0,0,1,1,1,"Makan, Mengambil Foto, Berbelanja",1,0,0,0,1,0,0,0,1,0
Kuliner Pecinan Kembang Jepun,1,0,0,1,1,1,0,0,0,0,1,1,0,0,"Makan, Mengambil Foto",1,0,0,0,1,0,0,0,0,0
Kuliner Pecinan Kembang Jepun,1,0,0,1,1,1,1,0,0,0,1,1,1,1,"Makan, Berbelanja",1,0,0,0,0,0,0,0,1,0
Kuliner Pecinan Kembang Jepun,1,1,1,1,0,1,1,0,0,1,1,1,1,0,"Makan, Mengambil Foto, Berbelanja",1,0,0,0,1,0,0,0,1,0
Kuliner Pecinan Kembang Jepun,1,1,1,1,0,1,1,0,0,1,1,1,1,0,"Makan, Berbelanja",1,0,0,0,0,0,0,0,1,0
Kuliner Pecinan Kembang Jepun,1,0,1,1,0,1,0,1,0,1,1,1,1,0,"Makan, Mengambil Foto, Berbelanja",1,0,0,0,1,0,0,0,1,0
Kuliner Pecinan Kembang Jepun,1,1,0,1,0,1,1,0,1,1,1,1,1,0,"Makan, Mengambil Foto",1,0,0,0,1,0,0,0,0,0
Kuliner Pecinan Kembang Jepun,1,1,0,1,0,1,0,1,0,1,1,1,0,0,"Makan, Berbelanja",1,0,0,0,0,0,0,0,1,0
Kuliner Pecinan Kembang Jepun,1,1,0,1,0,1,1,0,0,1,1,0,1,0,"Makan, Mengambil Foto, Berbelanja",1,0,0,0,1,0,0,0,1,0
Kuliner Pecinan Kembang Jepun,1,1,0,1,0,1,0,0,1,1,1,1,1,0,"Makan, Mengambil Foto, Berbelanja",1,0,0,0,1,0,0,0,1,0
Kuliner Pecinan Kembang Jepun,1,1,0,1,0,1,0,0,0,1,1,0,1,0,"Makan, Berbelanja",1,0,0,0,0,0,0,0,1,0
Kuliner Pecinan Kembang Jepun,1,1,0,1,0,1,0,0,1,0,1,1,1,0,"Makan, Berbelanja",1,0,0,0,0,0,0,0,1,0
Kuliner Pecinan Kembang Jepun,1,1,0,1,0,1,0,1,0,1,1,1,1,0,"Makan, Mengambil Foto, Berbelanja",1,0,0,0,1,0,0,0,1,0
Kuliner Pecinan Kembang Jepun,1,1,1,1,0,0,0,0,0,1,1,1,1,1,"Makan, Berbelanja",1,0,0,0,0,0,0,0,1,0
Kuliner Pecinan Kembang Jepun,1,1,1,0,1,1,0,1,0,0,1,0,1,1,"Makan, Mengambil Foto",1,0,0,0,1,0,0,0,0,0
Kuliner Pecinan Kembang Jepun,1,1,1,1,0,1,0,1,0,0,1,0,1,0,"Mengambil Foto, Berbelanja",0,0,0,0,1,0,0,0,1,0
Kuliner Pecinan Kembang Jepun,1,1,1,1,0,1,0,1,0,1,1,1,0,0,"Berinteraksi dengan satwa, Melihat Pemandangan",0,0,0,1,0,0,0,1,0,0
Kuliner Pecinan Kembang Jepun,1,1,1,1,1,0,0,1,0,1,1,0,1,0,"Mengambil Foto, Berbelanja",0,0,0,0,1,0,0,0,1,0
Kuliner Pecinan Kembang Jepun,1,1,1,1,0,0,1,0,0,1,1,1,0,1,"Makan, Berbelanja",1,0,0,0,0,0,0,0,1,0
Kuliner Pecinan Kembang Jepun,1,1,1,1,0,1,1,0,0,0,0,1,1,0,"Berolahraga, Mengambil Foto",0,1,0,0,1,0,0,0,0,0
Kuliner Pecinan Kembang Jepun,1,1,1,1,0,1,0,1,0,0,0,1,1,0,Makan,1,0,0,0,0,0,0,0,0,0
Kuliner Pecinan Kembang Jepun,1,1,1,1,0,0,0,1,1,0,1,1,0,1,Berbelanja,0,0,0,0,0,0,0,0,1,0
Kuliner Pecinan Kembang Jepun,1,1,1,1,0,0,1,0,1,0,1,0,0,1,Mengambil Foto,0,0,0,0,1,0,0,0,0,0
Kuliner Pecinan Kembang Jepun,1,1,1,1,1,0,1,1,0,0,1,1,0,0,Melihat Pemandangan,0,0,0,0,0,0,0,1,0,0
Kuliner Pecinan Kembang Jepun,1,1,1,1,0,1,1,1,0,1,1,1,1,0,"Makan, Berolahraga, Mengambil Foto, Melihat Pemandangan, Berbelanja",1,1,0,0,1,0,0,1,1,0
Kodam Street Food Surabaya,1,1,1,1,0,1,1,0,0,0,0,0,0,0,"Makan, Berolahraga, Beribadah, Berbelanja",1,1,0,0,0,1,0,0,1,0
Kodam Street Food Surabaya,1,1,1,0,0,0,1,0,0,0,1,1,1,0,"Makan, Mengambil Foto",1,0,0,0,1,0,0,0,0,0
Kodam Street Food Surabaya,1,0,1,1,1,0,1,0,1,0,0,0,0,1,"Makan, Mengambil Foto, Berbelanja",1,0,0,0,1,0,0,0,1,0
Kodam Street Food Surabaya,1,0,1,1,1,1,1,0,0,1,1,1,1,0,"Makan, Mengambil Foto, Berbelanja",1,0,0,0,1,0,0,0,1,0
Kodam Street Food Surabaya,1,1,1,1,1,1,1,1,0,0,1,1,1,0,Makan,1,0,0,0,0,0,0,0,0,0
Kodam Street Food Surabaya,1,1,1,1,1,1,1,1,0,0,1,1,1,0,"Makan, Berbelanja",1,0,0,0,0,0,0,0,1,0
Kodam Street Food Surabaya,1,1,1,1,1,1,1,1,0,1,1,1,1,0,"Makan, Mengambil Foto, Berbelanja",1,0,0,0,1,0,0,0,1,0
Kodam Street Food Surabaya,1,1,1,0,0,1,0,1,0,0,1,1,1,0,"Mengambil Foto, Berbelanja",0,0,0,0,1,0,0,0,1,0
Kodam Street Food Surabaya,1,1,1,1,1,1,1,1,0,1,1,1,1,0,"Makan, Mengambil Foto, Berbelanja",1,0,0,0,1,0,0,0,1,0
Kodam Street Food Surabaya,1,1,1,1,1,1,1,1,1,1,1,1,1,0,"Makan, Melihat Pemandangan, Berbelanja",1,0,0,0,0,0,0,1,1,0
Kodam Street Food Surabaya,1,1,1,1,1,1,1,1,0,1,1,1,1,0,"Makan, Mengambil Foto, Melihat Pemandangan, Berbelanja",1,0,0,0,1,0,0,1,1,0
Kodam Street Food Surabaya,1,1,1,1,0,1,0,1,0,0,1,1,1,0,"Makan, Mengambil Foto, Melihat Pemandangan",1,0,0,0,1,0,0,1,0,0
Kodam Street Food Surabaya,1,1,1,1,0,1,1,0,0,0,1,1,1,0,"Makan, Mengambil Foto, Melihat Pemandangan, Berbelanja",1,0,0,0,1,0,0,1,1,0
Kodam Street Food Surabaya,1,1,1,1,0,1,0,0,0,0,1,1,1,0,"Makan, Berbelanja",1,0,0,0,0,0,0,0,1,0
Kodam Street Food Surabaya,1,1,1,1,1,1,1,1,1,1,1,1,1,0,"Makan, Melihat Pemandangan",1,0,0,0,0,0,0,1,0,0
Kodam Street Food Surabaya,1,1,1,1,1,1,1,1,1,1,1,1,1,0,"Makan, Melihat Pemandangan, Berbelanja",1,0,0,0,0,0,0,1,1,0
Kodam Street Food Surabaya,1,1,1,0,0,1,0,1,0,0,1,1,1,0,Makan,1,0,0,0,0,0,0,0,0,0
Kodam Street Food Surabaya,1,1,0,0,0,1,0,1,0,0,1,1,1,0,"Makan, Berbelanja",1,0,0,0,0,0,0,0,1,0
Kodam Street Food Surabaya,1,1,1,0,1,1,0,1,0,1,1,1,1,0,"Makan, Mengambil Foto, Melihat Pemandangan, Berbelanja",1,0,0,0,1,0,0,1,1,0
Kodam Street Food Surabaya,1,1,1,1,0,0,1,0,0,0,1,0,0,0,"Makan, Mengambil Foto, Melihat Pemandangan, Berbelanja",1,0,0,0,1,0,0,1,1,0
Kodam Street Food Surabaya,1,1,1,1,0,1,1,1,0,0,1,0,1,0,"Makan, Mengambil Foto",1,0,0,0,1,0,0,0,0,0
Kodam Street Food Surabaya,1,0,1,1,1,1,1,0,0,0,1,0,1,0,"Makan, Mengambil Foto, Berbelanja",1,0,0,0,1,0,0,0,1,0
Kodam Street Food Surabaya,1,1,1,1,0,0,1,1,0,1,1,0,1,0,"Makan, Berbelanja",1,0,0,0,0,0,0,0,1,0
Kodam Street Food Surabaya,1,1,0,1,1,0,1,0,0,1,1,1,1,0,Makan,1,0,0,0,0,0,0,0,0,0
Kodam Street Food Surabaya,1,1,0,1,1,1,1,0,0,0,1,0,1,0,"Makan, Berbelanja",1,0,0,0,0,0,0,0,1,0
Kodam Street Food Surabaya,1,0,1,1,0,0,1,0,0,0,1,0,1,1,"Makan, Mengambil Foto, Melihat Pemandangan, Berbelanja",1,0,0,0,1,0,0,1,1,0
Kodam Street Food Surabaya,1,0,1,1,0,1,1,0,0,0,1,1,0,1,"Makan, Mengambil Foto, Berbelanja",1,0,0,0,1,0,0,0,1,0
Kodam Street Food Surabaya,1,0,1,1,0,0,1,0,0,1,1,0,1,1,Makan,1,0,0,0,0,0,0,0,0,0
Kodam Street Food Surabaya,1,1,1,1,0,1,1,0,0,0,1,1,1,1,"Makan, Mengambil Foto, Berbelanja",1,0,0,0,1,0,0,0,1,0
Kodam Street Food Surabaya,1,1,1,1,0,1,1,0,0,0,1,1,1,0,"Makan, Mengambil Foto, Melihat Pemandangan, Berbelanja",1,0,0,0,1,0,0,1,1,0
Kodam Street Food Surabaya,1,0,1,1,0,1,1,0,0,0,1,0,1,1,"Makan, Mengambil Foto, Berbelanja",1,0,0,0,1,0,0,0,1,0
Kodam Street Food Surabaya,1,0,1,1,1,1,1,1,0,0,1,0,1,1,Makan,1,0,0,0,0,0,0,0,0,0
Kodam Street Food Surabaya,1,0,1,1,0,1,1,0,0,1,1,0,1,1,"Makan, Mengambil Foto, Berbelanja",1,0,0,0,1,0,0,0,1,0
Kodam Street Food Surabaya,1,0,1,1,0,1,1,0,0,0,1,1,1,1,"Makan, Mengambil Foto",1,0,0,0,1,0,0,0,0,0
Kodam Street Food Surabaya,1,1,1,1,1,1,0,0,0,1,1,1,1,1,"Makan, Berinteraksi dengan satwa, Melihat Pemandangan",1,0,0,1,0,0,0,1,0,0
Kodam Street Food Surabaya,1,1,1,1,1,1,1,1,0,0,1,0,1,1,"Mengambil Foto, Berkemah, Melihat Pemandangan",0,0,0,0,1,0,1,1,0,0
Kodam Street Food Surabaya,0,1,1,1,0,0,1,0,1,1,1,0,1,1,"Makan, Belajar, Berbelanja",1,0,1,0,0,0,0,0,1,0
Kodam Street Food Surabaya,1,1,1,1,1,1,1,1,1,1,1,1,1,1,"Makan, Belajar, Berinteraksi dengan satwa, Mengambil Foto, Melihat Pemandangan",1,0,1,1,1,0,0,1,0,0
Kodam Street Food Surabaya,0,1,1,0,0,1,0,0,1,1,0,1,1,1,"Berolahraga, Mengambil Foto, Beribadah",0,1,0,0,1,1,0,0,0,0
Kodam Street Food Surabaya,1,1,1,1,1,1,1,1,1,1,1,1,1,1,"Makan, Berinteraksi dengan satwa, Mengambil Foto, Melihat Pemandangan, Berbelanja",1,0,0,1,1,0,0,1,1,0
Kodam Street Food Surabaya,1,1,1,1,0,1,0,1,0,0,1,0,0,1,"Makan, Mengambil Foto, Beribadah, Melihat Pemandangan",1,0,0,0,1,1,0,1,0,0
Kodam Street Food Surabaya,1,1,1,1,1,1,1,1,1,1,1,1,1,1,"Makan, Melihat Pemandangan",1,0,0,0,0,0,0,1,0,0
Kodam Street Food Surabaya,1,1,1,1,0,1,1,1,1,1,1,1,1,1,"Makan, Berkemah, Melihat Pemandangan",1,0,0,0,0,0,1,1,0,0
Kodam Street Food Surabaya,1,1,1,1,1,1,1,1,1,1,1,1,1,1,"Belajar, Berinteraksi dengan satwa, Berkemah, Melihat Pemandangan",0,0,1,1,0,0,1,1,0,0
Kodam Street Food Surabaya,1,0,1,1,0,1,1,0,1,0,1,1,1,1,"Makan, Berolahraga, Mengambil Foto, Melihat Pemandangan, Berbelanja",1,1,0,0,1,0,0,1,1,0
Kodam Street Food Surabaya,1,1,1,1,1,1,1,1,1,1,1,1,1,1,"Makan, Berolahraga, Mengambil Foto, Berbelanja",1,1,0,0,1,0,0,0,1,0
Kodam Street Food Surabaya,1,1,1,1,0,1,1,0,0,0,1,1,1,1,"Makan, Mengambil Foto, Berbelanja",1,0,0,0,1,0,0,0,1,0
Kodam Street Food Surabaya,1,1,1,1,0,1,1,0,0,1,1,1,1,1,"Makan, Mengambil Foto, Berbelanja",1,0,0,0,1,0,0,0,1,0
Kodam Street Food Surabaya,1,1,1,1,1,1,1,1,1,1,1,1,1,1,"Makan, Berbelanja",1,0,0,0,0,0,0,0,1,0
Kodam Street Food Surabaya,1,1,1,1,0,1,1,0,0,1,1,1,1,1,"Makan, Berolahraga, Mengambil Foto, Berbelanja",1,1,0,0,1,0,0,0,1,0
Kebun Raya Mangrove Gunung Anyar,1,1,1,0,0,0,1,1,0,1,1,1,1,0,"Mengambil Foto, Melihat Pemandangan",0,0,0,0,1,0,0,1,0,0
Kebun Raya Mangrove Gunung Anyar,1,1,1,1,1,1,1,1,1,0,1,0,0,1,"Berolahraga, Mengambil Foto, Melihat Pemandangan",0,1,0,0,1,0,0,1,0,0
Kebun Raya Mangrove Gunung Anyar,1,1,1,1,0,1,1,1,1,0,1,1,1,0,"Makan, Berolahraga, Belajar, Mengambil Foto, Melihat Pemandangan",1,1,1,0,1,0,0,1,0,0
Kebun Raya Mangrove Gunung Anyar,1,1,1,1,0,1,1,1,0,1,1,1,1,1,"Belajar, Mengambil Foto, Melihat Pemandangan",0,0,1,0,1,0,0,1,0,0
Kebun Raya Mangrove Gunung Anyar,1,1,1,1,0,1,1,1,1,0,1,1,1,0,"Makan, Belajar, Mengambil Foto, Melihat Pemandangan",1,0,1,0,1,0,0,1,0,0
Kebun Raya Mangrove Gunung Anyar,1,1,1,0,1,1,0,1,0,0,1,1,1,0,"Mengambil Foto, Melihat Pemandangan",0,0,0,0,1,0,0,1,0,0
Kebun Raya Mangrove Gunung Anyar,1,1,1,0,0,0,0,1,1,0,1,1,1,0,"Mengambil Foto, Melihat Pemandangan",0,0,0,0,1,0,0,1,0,0
Kebun Raya Mangrove Gunung Anyar,1,1,1,1,1,1,1,1,1,1,1,1,1,0,"Belajar, Mengambil Foto, Melihat Pemandangan",0,0,1,0,1,0,0,1,0,0
Kebun Raya Mangrove Gunung Anyar,1,1,1,1,0,1,1,1,1,1,1,1,1,0,"Belajar, Mengambil Foto, Melihat Pemandangan",0,0,1,0,1,0,0,1,0,0
Kebun Raya Mangrove Gunung Anyar,1,1,1,1,0,1,1,1,0,1,1,1,1,0,"Mengambil Foto, Melihat Pemandangan",0,0,0,0,1,0,0,1,0,0
Kebun Raya Mangrove Gunung Anyar,1,1,1,0,0,0,0,1,1,0,1,1,1,0,"Mengambil Foto, Melihat Pemandangan",0,0,0,0,1,0,0,1,0,0
Kebun Raya Mangrove Gunung Anyar,1,1,1,1,0,1,0,0,1,0,1,1,1,0,"Mengambil Foto, Melihat Pemandangan",0,0,0,0,1,0,0,1,0,0
Kebun Raya Mangrove Gunung Anyar,1,1,1,1,0,1,1,1,0,0,1,1,1,0,"Belajar, Mengambil Foto, Melihat Pemandangan",0,0,1,0,1,0,0,1,0,0
Kebun Raya Mangrove Gunung Anyar,1,1,1,1,0,0,1,1,0,0,1,1,1,0,"Makan, Belajar, Berinteraksi dengan satwa, Mengambil Foto, Melihat Pemandangan, Berbelanja",1,0,1,1,1,0,0,1,1,0
Kebun Raya Mangrove Gunung Anyar,1,1,1,1,1,1,1,1,0,0,1,1,1,0,"Makan, Mengambil Foto, Melihat Pemandangan",1,0,0,0,1,0,0,1,0,0
Kebun Raya Mangrove Gunung Anyar,1,1,0,1,0,1,1,0,0,1,1,1,1,0,"Mengambil Foto, Melihat Pemandangan",0,0,0,0,1,0,0,1,0,0
Kebun Raya Mangrove Gunung Anyar,1,1,0,1,0,1,1,0,0,0,1,0,1,1,"Makan, Berinteraksi dengan satwa, Mengambil Foto, Melihat Pemandangan, Berbelanja",1,0,0,1,1,0,0,1,1,0
Kebun Raya Mangrove Gunung Anyar,1,1,1,1,0,1,0,1,0,0,1,1,1,1,"Makan, Mengambil Foto, Beribadah, Melihat Pemandangan, Berbelanja",1,0,0,0,1,1,0,1,1,0
Kebun Raya Mangrove Gunung Anyar,1,1,1,1,0,1,1,1,0,0,1,1,1,1,"Makan, Belajar, Mengambil Foto, Beribadah, Melihat Pemandangan, Berbelanja",1,0,1,0,1,1,0,1,1,0
Kebun Raya Mangrove Gunung Anyar,1,1,1,1,1,1,1,1,1,1,1,1,1,0,"Mengambil Foto, Melihat Pemandangan",0,0,0,0,1,0,0,1,0,0
Kebun Raya Mangrove Gunung Anyar,1,1,1,1,1,1,1,1,0,0,1,1,1,0,"Mengambil Foto, Melihat Pemandangan",0,0,0,0,1,0,0,1,0,0
Kebun Raya Mangrove Gunung Anyar,1,1,1,1,0,1,1,1,0,0,1,0,1,0,"Mengambil Foto, Melihat Pemandangan",0,0,0,0,1,0,0,1,0,0
Kebun Raya Mangrove Gunung Anyar,1,1,1,1,0,1,0,1,0,0,1,1,1,0,"Mengambil Foto, Melihat Pemandangan",0,0,0,0,1,0,0,1,0,0
Kebun Raya Mangrove Gunung Anyar,1,1,1,0,0,1,1,1,0,0,1,1,1,0,"Makan, Mengambil Foto, Melihat Pemandangan, Berbelanja",1,0,0,0,1,0,0,1,1,0
Kebun Raya Mangrove Gunung Anyar,1,1,1,1,1,1,1,1,0,0,1,1,1,0,"Makan, Mengambil Foto, Melihat Pemandangan, Berbelanja",1,0,0,0,1,0,0,1,1,0
Kebun Raya Mangrove Gunung Anyar,1,1,1,1,1,1,1,0,0,0,1,1,1,0,"Mengambil Foto, Melihat Pemandangan, Berbelanja",0,0,0,0,1,0,0,1,1,0
Kebun Raya Mangrove Gunung Anyar,1,1,1,1,1,1,1,1,1,1,1,1,1,0,"Mengambil Foto, Melihat Pemandangan",0,0,0,0,1,0,0,1,0,0
Kebun Raya Mangrove Gunung Anyar,1,1,1,1,1,1,1,0,0,0,1,1,1,0,"Makan, Mengambil Foto, Melihat Pemandangan, Berbelanja",1,0,0,0,1,0,0,1,1,0
Kebun Raya Mangrove Gunung Anyar,1,1,1,1,1,1,1,0,0,0,1,1,1,0,"Makan, Mengambil Foto, Melihat Pemandangan, Berbelanja",1,0,0,0,1,0,0,1,1,0
Kebun Raya Mangrove Gunung Anyar,1,1,1,1,1,1,1,1,1,1,1,1,1,1,"Makan, Berinteraksi dengan satwa, Mengambil Foto, Beribadah, Melihat Pemandangan",1,0,0,1,1,1,0,1,0,0
Kebun Raya Mangrove Gunung Anyar,1,1,1,1,1,1,1,1,1,1,1,1,1,1,"Berolahraga, Belajar, Mengambil Foto, Melihat Pemandangan",0,1,1,0,1,0,0,1,0,0
Kebun Raya Mangrove Gunung Anyar,1,1,1,1,1,1,1,1,1,1,1,1,1,1,"Makan, Berolahraga, Berinteraksi dengan satwa, Mengambil Foto, Berkemah, Berbelanja",1,1,0,1,1,0,1,0,1,0
Kebun Raya Mangrove Gunung Anyar,1,1,1,1,1,1,1,1,1,1,1,1,1,1,"Makan, Berinteraksi dengan satwa, Mengambil Foto, Beribadah, Melihat Pemandangan, Berbelanja",1,0,0,1,1,1,0,1,1,0
Kebun Raya Mangrove Gunung Anyar,1,1,1,1,1,1,1,1,1,1,1,1,1,1,"Berinteraksi dengan satwa, Mengambil Foto, Melihat Pemandangan",0,0,0,1,1,0,0,1,0,0
Kebun Raya Mangrove Gunung Anyar,1,1,1,1,1,1,1,1,1,1,1,1,1,1,"Makan, Berinteraksi dengan satwa, Berkemah, Berbelanja",1,0,0,1,0,0,1,0,1,0
Kebun Raya Mangrove Gunung Anyar,1,1,1,1,1,1,1,1,1,1,1,1,1,1,"Berolahraga, Berinteraksi dengan satwa, Mengambil Foto",0,1,0,1,1,0,0,0,0,0
Kebun Raya Mangrove Gunung Anyar,1,1,1,1,1,1,1,1,1,1,1,1,1,1,"Melihat Pemandangan, Berbelanja",0,0,0,0,0,0,0,1,1,0
Kebun Raya Mangrove Gunung Anyar,1,1,1,1,1,1,1,1,1,1,1,1,1,1,"Berolahraga, Berinteraksi dengan satwa, Mengambil Foto, Melihat Pemandangan",0,1,0,1,1,0,0,1,0,0
Kebun Raya Mangrove Gunung Anyar,1,1,1,1,1,1,1,1,1,1,1,1,1,1,"Makan, Mengambil Foto, Beribadah, Melihat Pemandangan",1,0,0,0,1,1,0,1,0,0
Kebun Raya Mangrove Gunung Anyar,1,1,1,1,0,0,0,0,0,0,1,0,0,1,"Mengambil Foto, Melihat Pemandangan",0,0,0,0,1,0,0,1,0,0
Kebun Raya Mangrove Gunung Anyar,0,1,0,1,0,1,1,1,0,1,1,1,0,0,"Makan, Mengambil Foto, Melihat Pemandangan",1,0,0,0,1,0,0,1,0,0
Kebun Raya Mangrove Gunung Anyar,1,1,1,1,1,1,1,1,1,1,1,1,1,1,"Berolahraga, Melihat Pemandangan",0,1,0,0,0,0,0,1,0,0
Kebun Raya Mangrove Gunung Anyar,1,1,1,1,1,1,0,1,1,0,0,1,1,0,"Makan, Mengambil Foto, Melihat Pemandangan",1,0,0,0,1,0,0,1,0,0
Kebun Raya Mangrove Gunung Anyar,1,1,1,1,0,1,1,1,0,1,1,1,1,0,"Mengambil Foto, Beribadah, Melihat Pemandangan",0,0,0,0,1,1,0,1,0,0
Kebun Raya Mangrove Gunung Anyar,1,1,1,1,0,1,1,1,0,0,1,1,1,1,"Melihat Pemandangan, Berbelanja",0,0,0,0,0,0,0,1,1,0
Kebun Raya Mangrove Gunung Anyar,1,1,1,1,1,1,1,0,0,0,1,0,1,1,Melihat Pemandangan,0,0,0,0,0,0,0,1,0,0
Kebun Raya Mangrove Gunung Anyar,1,1,1,1,1,1,1,1,1,1,1,1,1,1,"Makan, Mengambil Foto, Melihat Pemandangan, Berbelanja",1,0,0,0,1,0,0,1,1,0
Kebun Raya Mangrove Gunung Anyar,1,1,1,1,0,1,1,1,1,1,1,0,1,1,"Makan, Melihat Pemandangan, Berbelanja",1,0,0,0,0,0,0,1,1,0
Kebun Raya Mangrove Gunung Anyar,1,1,1,1,1,1,1,1,1,1,1,1,1,0,"Mengambil Foto, Melihat Pemandangan",0,0,0,0,1,0,0,1,0,0
Kebun Raya Mangrove Gunung Anyar,1,1,1,1,0,0,1,1,0,1,1,1,1,0,"Makan, Berinteraksi dengan satwa, Mengambil Foto, Melihat Pemandangan, Berbelanja",1,0,0,1,1,0,0,1,1,0
Kebun Binatang Surabaya,0,1,1,1,0,1,0,1,0,0,0,0,0,0,"Makan Bersama, Belajar, Berinteraksi dengan satwa, Mengambil Foto, Beribadah, Melihat Pemandangan, Berbelanja",1,0,1,1,1,1,0,1,1,0
Kebun Binatang Surabaya,1,1,1,1,0,1,0,1,0,1,1,1,1,1,"Makan Bersama, Berinteraksi dengan satwa, Mengambil Foto",1,0,0,1,1,0,0,0,0,0
Kebun Binatang Surabaya,1,1,1,1,0,1,0,1,0,0,1,0,0,0,"Belajar, Berinteraksi dengan satwa, Mengambil Foto",0,0,1,1,1,0,0,0,0,0
Kebun Binatang Surabaya,1,1,1,1,0,1,0,1,1,0,1,1,1,0,"Makan, Berolahraga, Belajar, Berinteraksi dengan satwa, Mengambil Foto, Melihat Pemandangan",1,1,1,1,1,0,0,1,0,0
Kebun Binatang Surabaya,1,1,1,0,1,1,0,1,1,1,1,1,1,0,"Belajar, Berinteraksi dengan satwa, Mengambil Foto, Melihat Pemandangan",0,0,1,1,1,0,0,1,0,0
Kebun Binatang Surabaya,1,1,1,1,1,1,1,1,1,1,1,1,1,1,Berinteraksi dengan satwa,0,0,0,1,0,0,0,0,0,0
Kebun Binatang Surabaya,0,1,0,1,0,1,0,1,1,0,1,1,1,0,"Makan, Belajar, Berinteraksi dengan satwa, Mengambil Foto, Melihat Pemandangan",1,0,1,1,1,0,0,1,0,0
Kebun Binatang Surabaya,1,1,1,1,0,1,1,1,1,1,0,0,0,0,"Makan, Berolahraga, Belajar, Berinteraksi dengan satwa, Mengambil Foto, Beribadah, Melihat Pemandangan",1,1,1,1,1,1,0,1,0,0
Kebun Binatang Surabaya,1,1,0,0,0,1,1,1,0,0,1,1,1,1,"Berinteraksi dengan satwa, Berkemah, Melihat Pemandangan, Berbelanja",0,0,0,1,0,0,1,1,1,0
Kebun Binatang Surabaya,1,1,0,1,0,0,0,1,1,0,1,1,1,0,"Makan, Berinteraksi dengan satwa, Mengambil Foto, Berbelanja",1,0,0,1,1,0,0,0,1,0
Kebun Binatang Surabaya,1,1,0,1,0,1,0,1,1,0,1,0,0,1,"Makan, Melihat Pemandangan",1,0,0,0,0,0,0,1,0,0
Kebun Binatang Surabaya,1,1,1,1,1,1,1,1,1,1,1,1,1,1,"Makan, Berinteraksi dengan satwa, Mengambil Foto, Beribadah, Melihat Pemandangan",1,0,0,1,1,1,0,1,0,0
Kebun Binatang Surabaya,1,1,1,1,0,1,0,1,0,1,1,1,0,0,"Makan, Belajar, Berinteraksi dengan satwa, Mengambil Foto",1,0,1,1,1,0,0,0,0,0
Kebun Binatang Surabaya,1,1,1,1,1,1,1,1,1,1,1,1,1,1,Berinteraksi dengan satwa,0,0,0,1,0,0,0,0,0,0
Kebun Binatang Surabaya,1,1,1,1,1,1,1,1,1,1,1,1,1,1,"Berinteraksi dengan satwa, Mengambil Foto",0,0,0,1,1,0,0,0,0,0
Kebun Binatang Surabaya,1,1,1,1,0,0,1,1,0,1,1,1,1,1,Berinteraksi dengan satwa,0,0,0,1,0,0,0,0,0,0
Kebun Binatang Surabaya,1,1,1,1,1,1,1,1,1,1,1,1,1,1,"Berinteraksi dengan satwa, Mengambil Foto",0,0,0,1,1,0,0,0,0,0
Kebun Binatang Surabaya,1,1,1,1,1,1,1,1,1,1,1,1,1,1,"Berinteraksi dengan satwa, Mengambil Foto",0,0,0,1,1,0,0,0,0,0
Kebun Binatang Surabaya,1,1,1,1,1,1,1,1,1,1,1,1,1,1,"Berinteraksi dengan satwa, Mengambil Foto",0,0,0,1,1,0,0,0,0,0
Kebun Binatang Surabaya,1,1,1,1,1,1,1,1,1,1,1,1,1,1,"Makan, Berinteraksi dengan satwa, Beribadah, Melihat Pemandangan",1,0,0,1,0,1,0,1,0,0
Kebun Binatang Surabaya,1,1,1,1,0,1,1,1,0,0,1,1,0,0,"Makan, Belajar, Berinteraksi dengan satwa, Mengambil Foto, Melihat Pemandangan",1,0,1,1,1,0,0,1,0,0
Kebun Binatang Surabaya,1,1,1,1,0,1,1,1,1,1,1,1,1,1,"Makan, Berolahraga, Belajar, Beribadah",1,1,1,0,0,1,0,0,0,0
Kebun Binatang Surabaya,1,1,0,1,0,1,1,1,0,1,1,1,1,1,"Berolahraga, Berinteraksi dengan satwa, Berkemah, Melihat Pemandangan",0,1,0,1,0,0,1,1,0,0
Kebun Binatang Surabaya,1,1,1,0,0,1,0,1,1,1,1,1,0,1,"Makan, Berinteraksi dengan satwa, Mengambil Foto, Melihat Pemandangan",1,0,0,1,1,0,0,1,0,0
Kebun Binatang Surabaya,1,1,0,1,1,0,1,1,0,1,1,1,1,1,"Makan, Berinteraksi dengan satwa, Mengambil Foto, Melihat Pemandangan, Berbelanja",1,0,0,1,1,0,0,1,1,0
Kebun Binatang Surabaya,1,1,1,1,0,1,1,0,1,1,1,0,1,1,"Makan, Berolahraga, Berinteraksi dengan satwa, Beribadah",1,1,0,1,0,1,0,0,0,0
Kebun Binatang Surabaya,1,1,1,0,1,1,1,1,0,1,1,1,1,1,"Berolahraga, Belajar, Berinteraksi dengan satwa, Beribadah",0,1,1,1,0,1,0,0,0,0
Kebun Binatang Surabaya,1,1,0,1,1,1,0,1,1,0,1,1,1,1,"Makan, Berolahraga, Belajar, Melihat Pemandangan",1,1,1,0,0,0,0,1,0,0
Kebun Binatang Surabaya,1,1,0,1,1,1,0,1,1,1,1,1,1,1,"Makan, Mengambil Foto, Melihat Pemandangan, Berbelanja",1,0,0,0,1,0,0,1,1,0
Kebun Binatang Surabaya,1,1,1,1,1,1,1,1,0,1,1,1,0,1,"Berolahraga, Berinteraksi dengan satwa, Berkemah, Melihat Pemandangan",0,1,0,1,0,0,1,1,0,0
Kebun Binatang Surabaya,1,1,0,1,1,0,1,1,1,0,1,1,1,1,"Makan, Berinteraksi dengan satwa, Mengambil Foto, Melihat Pemandangan, Berbelanja",1,0,0,1,1,0,0,1,1,0
Kebun Binatang Surabaya,1,1,1,1,1,1,1,1,1,1,1,1,1,1,"Makan, Berinteraksi dengan satwa, Mengambil Foto, Beribadah",1,0,0,1,1,1,0,0,0,0
Kebun Binatang Surabaya,1,1,1,1,1,1,1,1,1,1,1,1,1,1,Makan,1,0,0,0,0,0,0,0,0,0
Kebun Binatang Surabaya,1,1,1,1,1,1,1,1,1,1,1,1,1,1,Makan,1,0,0,0,0,0,0,0,0,0
Kebun Binatang Surabaya,1,1,1,1,1,1,1,1,1,1,1,1,1,1,Mengambil Foto,0,0,0,0,1,0,0,0,0,0
Kebun Binatang Surabaya,1,0,1,0,0,0,1,1,1,0,1,0,0,1,Belajar,0,0,1,0,0,0,0,0,0,0
Kebun Binatang Surabaya,1,0,0,1,1,0,0,1,1,1,0,0,1,1,Berkemah,0,0,0,0,0,0,1,0,0,0
Kebun Binatang Surabaya,0,1,1,0,1,1,1,0,0,1,1,0,1,0,Makan,1,0,0,0,0,0,0,0,0,0
Kebun Binatang Surabaya,1,1,0,1,1,0,1,0,1,0,0,1,0,1,Makan,1,0,0,0,0,0,0,0,0,0
Kebun Binatang Surabaya,0,1,0,1,1,1,0,0,0,1,1,0,1,0,Melihat Pemandangan,0,0,0,0,0,0,0,1,0,0
Kebun Binatang Surabaya,0,1,0,1,1,1,1,0,1,1,1,0,1,1,Mengambil Foto,0,0,0,0,1,0,0,0,0,0
Kebun Binatang Surabaya,1,1,1,1,1,1,1,1,1,1,1,1,1,1,"Makan, Berinteraksi dengan satwa, Mengambil Foto",1,0,0,1,1,0,0,0,0,0
Kebun Binatang Surabaya,1,1,1,1,1,1,1,1,1,1,1,1,1,1,"Berinteraksi dengan satwa, Mengambil Foto, Melihat Pemandangan",0,0,0,1,1,0,0,1,0,0
Kebun Binatang Surabaya,1,1,1,1,1,1,1,1,1,1,1,1,1,1,Mengambil Foto,0,0,0,0,1,0,0,0,0,0
Kebun Binatang Surabaya,1,1,1,1,1,1,1,1,1,1,1,1,1,1,Mengambil Foto,0,0,0,0,1,0,0,0,0,0
Kebun Binatang Surabaya,1,1,1,1,1,1,1,1,1,1,1,1,1,1,"Berinteraksi dengan satwa, Mengambil Foto",0,0,0,1,1,0,0,0,0,0
Kebun Binatang Surabaya,1,1,1,1,1,1,1,1,1,1,1,1,1,1,"Berinteraksi dengan satwa, Mengambil Foto, Beribadah, Melihat Pemandangan",0,0,0,1,1,1,0,1,0,0
Kebun Binatang Surabaya,1,1,1,1,1,1,1,1,1,1,1,1,1,1,"Berinteraksi dengan satwa, Mengambil Foto, Berbelanja",0,0,0,1,1,0,0,0,1,0
Kebun Binatang Surabaya,1,1,1,1,1,1,1,1,1,1,1,1,1,1,"Berinteraksi dengan satwa, Mengambil Foto, Melihat Pemandangan, Berbelanja",0,0,0,1,1,0,0,1,1,0
Kebun Binatang Surabaya,1,1,1,1,0,1,1,1,0,0,1,1,1,1,"Makan, Berinteraksi dengan satwa, Mengambil Foto, Melihat Pemandangan, Berbelanja",1,0,0,1,1,0,0,1,1,0
Kampung Pecinaan Kapasan Dalam,0,0,1,0,1,1,1,0,0,0,0,1,0,0,"Belajar, Berinteraksi dengan satwa, Berkemah",0,0,1,1,0,0,1,0,0,1
Kampung Pecinaan Kapasan Dalam,0,1,1,1,0,1,1,0,0,0,1,1,1,1,"Mengambil Foto, Berkemah, Melihat Pemandangan",0,0,0,0,1,0,1,1,0,1
Kampung Pecinaan Kapasan Dalam,1,1,0,1,0,1,1,1,0,1,1,1,1,1,"Makan, Mengambil Foto, Berkemah, Melihat Pemandangan",1,0,0,0,1,0,1,1,0,1
Kampung Pecinaan Kapasan Dalam,0,1,1,1,0,1,1,0,0,1,1,1,1,1,"Makan, Berolahraga, Mengambil Foto, Melihat Pemandangan",1,1,0,0,1,0,0,1,0,1
Kampung Pecinaan Kapasan Dalam,1,1,1,1,0,1,1,1,0,0,1,1,1,1,"Makan, Belajar, Mengambil Foto, Melihat Pemandangan",1,0,1,0,1,0,0,1,0,1
Kampung Pecinaan Kapasan Dalam,1,1,1,1,0,1,1,0,0,0,1,1,1,1,"Makan, Mengambil Foto, Melihat Pemandangan",1,0,0,0,1,0,0,1,0,1
Kampung Pecinaan Kapasan Dalam,1,1,1,1,1,1,1,1,1,1,1,1,1,1,"Makan, Mengambil Foto, Melihat Pemandangan",1,0,0,0,1,0,0,1,0,1
Kampung Pecinaan Kapasan Dalam,1,1,1,1,1,1,1,1,0,0,1,1,0,0,"Makan, Mengambil Foto, Melihat Pemandangan",1,0,0,0,1,0,0,1,0,1
Kampung Pecinaan Kapasan Dalam,1,1,1,1,0,1,1,1,0,1,1,1,1,0,"Makan, Belajar, Mengambil Foto, Melihat Pemandangan",1,0,1,0,1,0,0,1,0,1
Kampung Pecinaan Kapasan Dalam,1,1,1,1,0,1,1,1,0,1,1,0,0,0,"Belajar, Mengambil Foto, Melihat Pemandangan",0,0,1,0,1,0,0,1,0,1
Kampung Pecinaan Kapasan Dalam,1,1,1,0,0,1,1,1,0,1,1,1,1,0,"Makan, Mengambil Foto, Melihat Pemandangan, Berbelanja",1,0,0,0,1,0,0,1,1,1
Kampung Pecinaan Kapasan Dalam,1,1,1,1,0,1,1,1,0,0,1,1,0,1,"Mengambil Foto, Melihat Pemandangan",0,0,0,0,1,0,0,1,0,1
Kampung Pecinaan Kapasan Dalam,1,0,1,1,0,1,1,1,0,1,1,1,1,1,"Makan, Belajar, Mengambil Foto, Melihat Pemandangan",1,0,1,0,1,0,0,1,0,1
Kampung Pecinaan Kapasan Dalam,1,0,1,1,0,1,1,1,1,0,1,1,1,0,"Makan, Mengambil Foto, Melihat Pemandangan",1,0,0,0,1,0,0,1,0,1
Kampung Pecinaan Kapasan Dalam,1,1,1,1,0,1,1,1,0,0,1,1,1,0,"Mengambil Foto, Melihat Pemandangan, Berbelanja",0,0,0,0,1,0,0,1,1,1
Kampung Pecinaan Kapasan Dalam,1,1,1,1,0,1,0,1,0,1,1,0,1,1,"Makan, Mengambil Foto, Melihat Pemandangan, Berbelanja",1,0,0,0,1,0,0,1,1,1
Kampung Pecinaan Kapasan Dalam,1,1,1,1,0,0,1,1,0,0,1,1,1,1,"Makan, Belajar, Mengambil Foto, Beribadah, Melihat Pemandangan, Berbelanja",1,0,1,0,1,1,0,1,1,1
Kampung Pecinaan Kapasan Dalam,1,1,1,1,0,1,1,0,0,0,1,1,1,1,"Makan, Mengambil Foto, Melihat Pemandangan, Berbelanja",1,0,0,0,1,0,0,1,1,1
Kampung Pecinaan Kapasan Dalam,1,1,1,1,0,0,1,0,0,0,1,0,1,1,"Mengambil Foto, Melihat Pemandangan, Berbelanja",0,0,0,0,1,0,0,1,1,1
Kampung Pecinaan Kapasan Dalam,1,1,1,1,0,0,1,1,1,0,1,0,1,1,"Belajar, Mengambil Foto, Beribadah, Melihat Pemandangan",0,0,1,0,1,1,0,1,0,1
Kampung Pecinaan Kapasan Dalam,0,1,1,1,0,0,1,0,0,0,1,1,1,0,"Makan, Belajar, Mengambil Foto, Beribadah, Melihat Pemandangan, Berbelanja",1,0,1,0,1,1,0,1,1,1
Kampung Pecinaan Kapasan Dalam,0,1,1,1,0,0,1,0,0,0,1,1,1,1,"Makan, Mengambil Foto, Melihat Pemandangan",1,0,0,0,1,0,0,1,0,1
Kampung Pecinaan Kapasan Dalam,1,1,1,1,0,1,1,1,0,0,1,1,1,1,"Makan, Belajar, Mengambil Foto, Melihat Pemandangan, Berbelanja",1,0,1,0,1,0,0,1,1,1
Kampung Pecinaan Kapasan Dalam,0,1,1,1,0,0,1,0,0,0,1,0,1,1,"Makan, Mengambil Foto, Melihat Pemandangan",1,0,0,0,1,0,0,1,0,1
Kampung Pecinaan Kapasan Dalam,1,1,1,1,0,1,1,1,0,1,1,1,1,1,"Makan, Belajar, Berinteraksi dengan satwa, Mengambil Foto, Melihat Pemandangan, Berbelanja",1,0,1,1,1,0,0,1,1,1
Kampung Pecinaan Kapasan Dalam,1,1,1,1,0,1,1,1,0,0,1,1,1,1,"Makan, Mengambil Foto, Melihat Pemandangan, Berbelanja",1,0,0,0,1,0,0,1,1,1
Kampung Pecinaan Kapasan Dalam,1,0,1,1,0,1,1,0,1,1,1,1,1,1,"Makan, Berolahraga, Mengambil Foto, Melihat Pemandangan, Berbelanja",1,1,0,0,1,0,0,1,1,1
Kampung Pecinaan Kapasan Dalam,0,1,1,1,1,0,0,0,1,1,1,1,1,1,"Makan, Berolahraga, Mengambil Foto, Melihat Pemandangan",1,1,0,0,1,0,0,1,0,1
Kampung Pecinaan Kapasan Dalam,1,1,0,1,0,1,1,1,0,1,1,1,1,1,"Makan, Mengambil Foto, Melihat Pemandangan, Berbelanja",1,0,0,0,1,0,0,1,1,1
Kampung Pecinaan Kapasan Dalam,1,1,1,0,1,1,1,0,1,1,1,1,1,1,"Berolahraga, Mengambil Foto, Melihat Pemandangan",0,1,0,0,1,0,0,1,0,1
Kampung Pecinaan Kapasan Dalam,0,1,1,1,0,1,1,0,0,0,1,1,1,1,"Mengambil Foto, Melihat Pemandangan",0,0,0,0,1,0,0,1,0,1
Kampung Pecinaan Kapasan Dalam,1,1,1,1,1,0,1,1,1,1,1,1,1,0,"Belajar, Mengambil Foto, Melihat Pemandangan",0,0,1,0,1,0,0,1,0,1
Kampung Pecinaan Kapasan Dalam,1,0,1,1,1,1,1,1,1,1,1,1,0,1,"Makan, Mengambil Foto, Melihat Pemandangan",1,0,0,0,1,0,0,1,0,1
Kampung Pecinaan Kapasan Dalam,1,1,1,1,1,1,1,1,0,1,0,1,1,0,Mengambil Foto,0,0,0,0,1,0,0,0,0,1
Kampung Pecinaan Kapasan Dalam,1,1,0,1,1,1,1,1,0,1,1,1,1,1,"Makan, Berbelanja",1,0,0,0,0,0,0,0,1,1
Kampung Pecinaan Kapasan Dalam,0,1,1,1,1,1,1,1,1,1,1,1,0,1,"Berolahraga, Belajar",0,1,1,0,0,0,0,0,0,1
Kampung Pecinaan Kapasan Dalam,0,0,1,1,1,1,1,1,1,1,1,0,1,1,"Mengambil Foto, Melihat Pemandangan",0,0,0,0,1,0,0,1,0,1
Kampung Pecinaan Kapasan Dalam,1,1,1,1,1,1,0,1,0,0,1,1,1,1,"Makan, Mengambil Foto",1,0,0,0,1,0,0,0,0,1
Kampung Pecinaan Kapasan Dalam,1,1,1,0,1,0,1,1,1,1,1,1,0,1,"Melihat Pemandangan, Berbelanja",0,0,0,0,0,0,0,1,1,1
Kampung Pecinaan Kapasan Dalam,1,1,1,1,1,1,1,1,1,1,1,0,1,1,"Belajar, Mengambil Foto",0,0,1,0,1,0,0,0,0,1
Kampung Pecinaan Kapasan Dalam,1,1,1,1,1,0,1,1,1,0,1,1,1,0,"Makan, Mengambil Foto, Melihat Pemandangan",1,0,0,0,1,0,0,1,0,1
Kampung Pecinaan Kapasan Dalam,1,1,1,1,1,1,1,1,1,1,1,1,1,1,"Mengambil Foto, Melihat Pemandangan",0,0,0,0,1,0,0,1,0,1
Kampung Pecinaan Kapasan Dalam,1,1,1,1,1,1,1,1,1,1,1,1,1,1,Melihat Pemandangan,0,0,0,0,0,0,0,1,0,1
Kampung Pecinaan Kapasan Dalam,1,1,1,1,1,1,1,1,1,1,1,1,1,1,Mengambil Foto,0,0,0,0,1,0,0,0,0,1
Kampung Pecinaan Kapasan Dalam,1,1,1,1,1,1,1,1,1,1,1,1,1,1,"Makan, Mengambil Foto, Melihat Pemandangan",1,0,0,0,1,0,0,1,0,1
Kampung Pecinaan Kapasan Dalam,1,1,1,1,1,1,1,1,1,1,1,1,1,1,Melihat Pemandangan,0,0,0,0,0,0,0,1,0,1
Kampung Pecinaan Kapasan Dalam,1,1,1,1,1,1,1,1,1,1,1,1,1,1,Mengambil Foto,0,0,0,0,1,0,0,0,0,1
Kampung Pecinaan Kapasan Dalam,1,1,1,1,1,1,1,1,1,1,1,1,1,1,"Mengambil Foto, Melihat Pemandangan",0,0,0,0,1,0,0,1,0,1
Kampung Pecinaan Kapasan Dalam,1,1,1,1,1,1,1,1,1,1,1,1,1,1,"Mengambil Foto, Melihat Pemandangan",0,0,0,0,1,0,0,1,0,1
Kampung Pecinaan Kapasan Dalam,0,1,1,1,0,1,0,0,0,0,0,1,1,0,"Makan, Berolahraga",1,1,0,0,0,0,0,0,0,1
Kampung Lawas Maspati,1,1,1,1,0,1,0,1,1,0,1,1,1,0,"Makan, Belajar, Ngopi",1,0,1,0,0,0,0,0,0,0
Kampung Lawas Maspati,1,0,1,1,0,1,0,1,0,0,1,1,0,0,Mengambil Foto,0,0,0,0,1,0,0,0,0,0
Kampung Lawas Maspati,1,1,1,1,1,1,0,1,0,0,1,1,1,1,Mengambil Foto,0,0,0,0,1,0,0,0,0,0
Kampung Lawas Maspati,1,1,1,1,0,1,0,1,1,0,1,1,0,1,Belajar,0,0,1,0,0,0,0,0,0,0
Kampung Lawas Maspati,1,1,1,1,0,1,0,1,0,0,1,1,0,1,Belajar,0,0,1,0,0,0,0,0,0,0
Kampung Lawas Maspati,1,1,1,1,1,1,0,1,0,0,1,1,0,1,Belajar,0,0,1,0,0,0,0,0,0,0
Kampung Lawas Maspati,1,1,1,1,1,1,0,1,0,1,0,1,1,0,Belajar,0,0,1,0,0,0,0,0,0,0
Kampung Lawas Maspati,1,1,1,1,0,1,0,1,1,0,1,1,1,1,Belajar,0,0,1,0,0,0,0,0,0,0
Kampung Lawas Maspati,1,1,1,1,0,1,0,1,0,0,1,1,0,0,Belajar,0,0,1,0,0,0,0,0,0,0
Kampung Lawas Maspati,1,1,1,1,0,1,0,1,1,1,1,1,0,0,Belajar,0,0,1,0,0,0,0,0,0,0
Kampung Lawas Maspati,1,1,1,1,1,1,0,1,0,0,1,0,1,1,Belajar,0,0,1,0,0,0,0,0,0,0
Kampung Lawas Maspati,1,1,1,1,0,1,0,1,1,1,1,1,0,0,Belajar,0,0,1,0,0,0,0,0,0,0
Kampung Lawas Maspati,1,1,1,1,0,1,0,1,1,1,1,0,0,0,Belajar,0,0,1,0,0,0,0,0,0,0
Kampung Lawas Maspati,1,1,1,1,1,1,0,1,1,0,1,0,0,0,Belajar,0,0,1,0,0,0,0,0,0,0
Kampung Lawas Maspati,1,1,1,1,0,1,0,1,1,0,1,0,1,1,Belajar,0,0,1,0,0,0,0,0,0,0
Kampung Lawas Maspati,1,1,1,1,0,1,0,1,0,0,1,0,1,1,Belajar,0,0,1,0,0,0,0,0,0,0
Kampung Lawas Maspati,1,1,1,1,0,1,0,1,0,0,1,1,1,1,Belajar,0,0,1,0,0,0,0,0,0,0
Kampung Lawas Maspati,1,1,1,1,0,1,0,0,1,0,1,1,1,0,"Makan, Mengambil Foto, Melihat Pemandangan",1,0,0,0,1,0,0,1,0,0
Kampung Lawas Maspati,1,1,1,1,0,1,1,0,1,0,1,1,1,0,"Makan, Mengambil Foto, Melihat Pemandangan, Berbelanja",1,0,0,0,1,0,0,1,1,0
Kampung Lawas Maspati,1,1,1,1,0,1,1,1,1,0,1,1,1,0,"Makan, Belajar, Mengambil Foto, Melihat Pemandangan",1,0,1,0,1,0,0,1,0,0
Kampung Lawas Maspati,1,1,1,1,0,1,1,1,0,0,1,1,1,0,"Makan, Belajar, Mengambil Foto, Melihat Pemandangan, Berbelanja",1,0,1,0,1,0,0,1,1,0
Kampung Lawas Maspati,1,1,1,1,0,1,0,0,1,0,1,1,1,0,"Makan, Mengambil Foto, Melihat Pemandangan",1,0,0,0,1,0,0,1,0,0
Kampung Lawas Maspati,1,1,1,1,1,1,1,1,1,1,1,1,1,0,"Makan, Belajar, Mengambil Foto, Melihat Pemandangan, Berbelanja",1,0,1,0,1,0,0,1,1,0
Kampung Lawas Maspati,1,1,1,0,0,1,0,0,1,0,1,1,1,0,"Makan, Mengambil Foto, Melihat Pemandangan, Berbelanja",1,0,0,0,1,0,0,1,1,0
Kampung Lawas Maspati,1,1,1,1,1,1,0,1,1,0,1,1,1,0,"Mengambil Foto, Melihat Pemandangan",0,0,0,0,1,0,0,1,0,0
Kampung Lawas Maspati,1,1,1,1,0,1,1,1,1,1,1,1,1,1,"Makan, Belajar, Mengambil Foto, Melihat Pemandangan, Berbelanja",1,0,1,0,1,0,0,1,1,0
Kampung Lawas Maspati,1,1,1,1,0,1,1,1,0,0,1,1,1,0,"Makan, Belajar, Mengambil Foto, Melihat Pemandangan, Berbelanja",1,0,1,0,1,0,0,1,1,0
Kampung Lawas Maspati,1,1,1,1,0,0,1,0,0,1,1,1,1,1,"Makan, Mengambil Foto, Melihat Pemandangan, Berbelanja",1,0,0,0,1,0,0,1,1,0
Kampung Lawas Maspati,0,1,1,1,0,0,1,1,0,1,1,1,1,1,"Makan, Berolahraga, Mengambil Foto, Melihat Pemandangan",1,1,0,0,1,0,0,1,0,0
Kampung Lawas Maspati,1,0,1,1,1,0,1,0,0,0,1,1,1,0,"Mengambil Foto, Melihat Pemandangan",0,0,0,0,1,0,0,1,0,0
Kampung Lawas Maspati,1,1,1,1,1,0,1,1,0,0,1,0,1,1,"Mengambil Foto, Melihat Pemandangan",0,0,0,0,1,0,0,1,0,0
Kampung Lawas Maspati,1,1,1,1,0,1,1,1,0,0,1,1,1,1,"Makan, Belajar, Mengambil Foto, Beribadah, Melihat Pemandangan, Berbelanja",1,0,1,0,1,1,0,1,1,0
Kampung Lawas Maspati,1,1,1,1,0,1,1,0,1,1,1,1,1,1,"Mengambil Foto, Melihat Pemandangan, Berbelanja",0,0,0,0,1,0,0,1,1,0
Kampung Lawas Maspati,0,1,1,0,0,1,0,1,0,0,1,1,1,1,"Makan, Berolahraga, Mengambil Foto, Berkemah, Melihat Pemandangan, Berbelanja",1,1,0,0,1,0,1,1,1,0
Kampung Lawas Maspati,1,1,1,1,0,1,0,0,0,0,1,1,1,1,"Makan, Berolahraga, Mengambil Foto, Melihat Pemandangan, Berbelanja",1,1,0,0,1,0,0,1,1,0
Kampung Lawas Maspati,1,1,1,1,0,1,0,1,0,0,1,1,1,1,"Makan, Berolahraga, Melihat Pemandangan, Berbelanja",1,1,0,0,0,0,0,1,1,0
Kampung Lawas Maspati,1,1,1,1,0,1,1,1,0,0,1,1,1,0,"Makan, Berolahraga, Belajar, Mengambil Foto, Melihat Pemandangan, Berbelanja",1,1,1,0,1,0,0,1,1,0
Kampung Lawas Maspati,1,1,1,1,1,1,1,1,1,1,1,1,0,0,"Mengambil Foto, Berbelanja",0,0,0,0,1,0,0,0,1,0
Kampung Lawas Maspati,1,1,1,1,1,1,1,1,1,1,1,1,1,1,"Makan, Belajar, Mengambil Foto, Berbelanja",1,0,1,0,1,0,0,0,1,0
Kampung Lawas Maspati,1,1,1,1,0,1,1,0,0,0,1,0,0,1,"Makan, Berbelanja",1,0,0,0,0,0,0,0,1,0
Kampung Lawas Maspati,1,0,1,0,0,1,0,1,1,1,1,1,0,1,"Makan, Belajar, Berbelanja",1,0,1,0,0,0,0,0,1,0
Kampung Lawas Maspati,1,1,1,1,0,1,1,1,1,1,1,1,1,1,Berbelanja,0,0,0,0,0,0,0,0,1,0
Kampung Lawas Maspati,1,1,1,1,0,1,0,1,0,1,1,0,1,1,"Makan, Belajar",1,0,1,0,0,0,0,0,0,0
Kampung Lawas Maspati,1,1,1,1,1,1,1,1,1,1,1,1,1,1,"Belajar, Mengambil Foto, Beribadah, Berbelanja",0,0,1,0,1,1,0,0,1,0
Kampung Lawas Maspati,1,0,1,1,0,1,1,1,0,0,1,1,1,0,"Belajar, Berbelanja",0,0,1,0,0,0,0,0,1,0
Kampung Lawas Maspati,1,1,1,1,0,1,1,1,1,1,1,1,0,1,"Belajar, Mengambil Foto, Beribadah, Berbelanja",0,0,1,0,1,1,0,0,1,0
Kampung Lawas Maspati,1,1,1,1,1,1,1,1,0,1,1,1,1,1,"Berolahraga, Berbelanja",0,1,0,0,0,0,0,0,1,0
Kampung Lawas Maspati,1,1,1,1,0,1,1,1,1,1,1,1,0,1,"Mengambil Foto, Berbelanja",0,0,0,0,1,0,0,0,1,0
Kampung Lawas Maspati,1,1,1,1,1,1,1,1,1,1,1,1,1,1,"Makan, Mengambil Foto, Berbelanja",1,0,0,0,1,0,0,0,1,0
Kampung Lawas Maspati,0,1,1,1,0,1,1,0,0,0,1,0,1,1,"Makan, Belajar, Mengambil Foto, Melihat Pemandangan",1,0,1,0,1,0,0,1,0,0
Jatim International Expo (JIE) Convention Exhibiton,1,1,1,1,0,1,1,1,0,0,1,1,0,1,"Makan, Mengambil Foto, Melihat Pemandangan",1,0,0,0,1,0,0,1,0,0
Jatim International Expo (JIE) Convention Exhibiton,1,1,1,1,1,1,0,1,1,1,1,1,1,1,"Makan, Berolahraga, Beribadah",1,1,0,0,0,1,0,0,0,0
Jatim International Expo (JIE) Convention Exhibiton,0,0,1,1,1,1,0,1,1,1,0,1,1,0,"Berolahraga, Belajar, Mengambil Foto, Berbelanja",0,1,1,0,1,0,0,0,1,0
Jatim International Expo (JIE) Convention Exhibiton,0,0,1,1,1,1,0,1,1,1,0,1,1,0,"Berolahraga, Belajar, Mengambil Foto",0,1,1,0,1,0,0,0,0,0
Jatim International Expo (JIE) Convention Exhibiton,0,1,1,1,1,1,0,1,1,1,1,1,1,1,Mengambil Foto,0,0,0,0,1,0,0,0,0,0
Jatim International Expo (JIE) Convention Exhibiton,1,1,1,1,1,1,0,1,1,1,1,1,1,0,"Mengambil Foto, Berbelanja",0,0,0,0,1,0,0,0,1,0
Jatim International Expo (JIE) Convention Exhibiton,1,1,1,1,1,1,0,1,1,1,1,1,1,0,"Berolahraga, Mengambil Foto",0,1,0,0,1,0,0,0,0,0
Jatim International Expo (JIE) Convention Exhibiton,1,1,1,1,1,1,0,1,0,1,1,1,1,0,"Mengambil Foto, Berbelanja",0,0,0,0,1,0,0,0,1,0
Jatim International Expo (JIE) Convention Exhibiton,1,1,1,1,1,1,1,1,0,1,0,1,1,0,"Makan, Mengambil Foto, Berbelanja",1,0,0,0,1,0,0,0,1,0
Jatim International Expo (JIE) Convention Exhibiton,0,1,1,1,1,1,1,1,1,1,0,1,1,0,"Berolahraga, Belajar, Mengambil Foto",0,1,1,0,1,0,0,0,0,0
Jatim International Expo (JIE) Convention Exhibiton,1,0,1,1,1,1,1,1,1,1,1,1,1,0,"Makan, Berolahraga, Belajar, Mengambil Foto, Berbelanja",1,1,1,0,1,0,0,0,1,0
Jatim International Expo (JIE) Convention Exhibiton,1,0,1,1,0,1,0,1,1,1,0,1,1,1,"Belajar, Mengambil Foto, Berbelanja",0,0,1,0,1,0,0,0,1,0
Jatim International Expo (JIE) Convention Exhibiton,0,0,1,1,0,1,0,1,0,1,1,1,1,1,"Makan, Belajar",1,0,1,0,0,0,0,0,0,0
Jatim International Expo (JIE) Convention Exhibiton,1,0,0,1,1,1,0,1,1,0,0,1,1,0,"Belajar, Mengambil Foto, Melihat pameran",0,0,1,0,1,0,0,0,0,0
Jatim International Expo (JIE) Convention Exhibiton,1,0,0,1,0,1,0,1,1,0,1,1,1,0,"Belajar, Mengambil Foto, Berbelanja",0,0,1,0,1,0,0,0,1,0
Jatim International Expo (JIE) Convention Exhibiton,1,0,1,1,1,1,0,1,1,1,1,1,1,1,"Mengambil Foto, Berbelanja, Menghadiri seminar",0,0,0,0,1,0,0,0,1,0
Jatim International Expo (JIE) Convention Exhibiton,1,1,0,1,0,1,1,1,1,1,1,0,1,0,"Makan, Belajar, Mengambil Foto, Berbelanja",1,0,1,0,1,0,0,0,1,0
Jatim International Expo (JIE) Convention Exhibiton,1,1,1,1,0,1,1,1,1,1,0,0,1,0,"Makan, Belajar, Mengambil Foto, Berbelanja",1,0,1,0,1,0,0,0,1,0
Jatim International Expo (JIE) Convention Exhibiton,1,1,0,1,0,1,0,1,1,1,0,1,1,0,"Belajar, Mengambil Foto, Berbelanja",0,0,1,0,1,0,0,0,1,0
Jatim International Expo (JIE) Convention Exhibiton,1,1,1,1,1,1,1,1,1,1,0,1,0,0,"Makan, Belajar, Mengambil Foto",1,0,1,0,1,0,0,0,0,0
Jatim International Expo (JIE) Convention Exhibiton,1,1,0,1,0,1,0,1,1,1,1,0,1,0,"Makan, Belajar, Mengambil Foto",1,0,1,0,1,0,0,0,0,0
Jatim International Expo (JIE) Convention Exhibiton,1,1,0,1,1,1,0,1,1,0,1,0,1,1,"Makan, Belajar, Mengambil Foto, Melihat Pemandangan",1,0,1,0,1,0,0,1,0,0
Jatim International Expo (JIE) Convention Exhibiton,1,1,1,1,0,1,1,1,1,1,0,0,1,0,"Mengambil Foto, Melihat Pemandangan, Berbelanja",0,0,0,0,1,0,0,1,1,0
Jatim International Expo (JIE) Convention Exhibiton,1,0,0,1,0,1,1,1,1,1,0,1,1,0,"Makan, Belajar, Mengambil Foto, Melihat Pemandangan, Berbelanja",1,0,1,0,1,0,0,1,1,0
Jatim International Expo (JIE) Convention Exhibiton,1,1,0,1,0,1,1,1,1,1,0,1,0,1,"Makan, Mengambil Foto, Melihat Pemandangan",1,0,0,0,1,0,0,1,0,0
Jatim International Expo (JIE) Convention Exhibiton,1,0,0,1,0,1,1,1,1,1,1,1,1,0,"Makan, Belajar, Mengambil Foto, Berbelanja",1,0,1,0,1,0,0,0,1,0
Jatim International Expo (JIE) Convention Exhibiton,1,1,1,1,0,0,1,1,0,0,1,1,1,1,"Makan, Belajar, Berbelanja",1,0,1,0,0,0,0,0,1,0
Jatim International Expo (JIE) Convention Exhibiton,1,1,1,1,0,1,1,1,0,0,1,1,1,1,"Mengambil Foto, Berbelanja",0,0,0,0,1,0,0,0,1,0
Jatim International Expo (JIE) Convention Exhibiton,0,1,1,1,0,0,1,1,0,0,1,1,1,1,"Berolahraga, Berbelanja",0,1,0,0,0,0,0,0,1,0
Jatim International Expo (JIE) Convention Exhibiton,1,1,1,0,1,1,1,1,1,1,1,1,1,1,"Makan, Berolahraga, Berbelanja",1,1,0,0,0,0,0,0,1,0
Jatim International Expo (JIE) Convention Exhibiton,1,1,1,1,1,1,0,0,0,0,1,1,1,0,"Makan, Berolahraga, Melihat Pemandangan, Berbelanja",1,1,0,0,0,0,0,1,1,0
Jatim International Expo (JIE) Convention Exhibiton,1,1,1,1,0,0,1,1,1,0,1,1,1,1,"Makan, Berolahraga, Mengambil Foto, Melihat Pemandangan, Berbelanja, Bermain",1,1,0,0,1,0,0,1,1,0
Jatim International Expo (JIE) Convention Exhibiton,1,1,1,1,0,1,1,1,0,0,1,1,1,1,"Makan, Belajar, Mengambil Foto, Berbelanja",1,0,1,0,1,0,0,0,1,0
Jatim International Expo (JIE) Convention Exhibiton,1,1,1,1,0,1,1,0,0,1,1,1,1,1,"Makan, Berolahraga, Belajar, Mengambil Foto, Melihat Pemandangan, Berbelanja, Bermain",1,1,1,0,1,0,0,1,1,0
Jatim International Expo (JIE) Convention Exhibiton,1,1,1,1,1,1,1,1,0,0,1,1,1,1,"Belajar, Mengambil Foto, Melihat Pemandangan, Berbelanja",0,0,1,0,1,0,0,1,1,0
Jatim International Expo (JIE) Convention Exhibiton,1,1,1,1,1,1,1,1,0,0,1,1,1,1,"Makan, Mengambil Foto, Melihat Pemandangan, Berbelanja",1,0,0,0,1,0,0,1,1,0
Jatim International Expo (JIE) Convention Exhibiton,1,1,1,1,1,1,1,1,1,1,1,1,1,1,Melihat Pemandangan,0,0,0,0,0,0,0,1,0,0
Jatim International Expo (JIE) Convention Exhibiton,1,1,1,1,1,1,1,1,1,1,1,1,1,1,"Mengambil Foto, Melihat Pemandangan, Berbelanja",0,0,0,0,1,0,0,1,1,0
Jatim International Expo (JIE) Convention Exhibiton,1,1,1,1,1,1,1,1,1,1,1,1,1,1,"Makan, Mengambil Foto",1,0,0,0,1,0,0,0,0,0
Jatim International Expo (JIE) Convention Exhibiton,1,1,1,1,1,1,1,1,1,1,1,1,1,1,"Mengambil Foto, Melihat Pemandangan",0,0,0,0,1,0,0,1,0,0
Jatim International Expo (JIE) Convention Exhibiton,1,1,1,1,1,1,1,1,1,1,1,1,1,1,"Makan, Mengambil Foto, Beribadah",1,0,0,0,1,1,0,0,0,0
Jatim International Expo (JIE) Convention Exhibiton,1,1,1,1,1,1,1,1,1,1,1,1,1,1,Mengambil Foto,0,0,0,0,1,0,0,0,0,0
Jatim International Expo (JIE) Convention Exhibiton,1,1,1,1,1,1,1,1,1,1,1,1,1,1,"Mengambil Foto, Melihat Pemandangan, Berbelanja",0,0,0,0,1,0,0,1,1,0
Jatim International Expo (JIE) Convention Exhibiton,1,1,1,1,1,1,1,1,1,1,1,1,1,1,Melihat Pemandangan,0,0,0,0,0,0,0,1,0,0
Jatim International Expo (JIE) Convention Exhibiton,1,1,1,1,1,1,1,1,1,1,1,1,1,1,"Makan, Mengambil Foto, Beribadah, Melihat Pemandangan",1,0,0,0,1,1,0,1,0,0
Jatim International Expo (JIE) Convention Exhibiton,1,1,1,1,1,1,1,1,1,1,1,1,1,1,Melihat Pemandangan,0,0,0,0,0,0,0,1,0,0
Jatim International Expo (JIE) Convention Exhibiton,1,1,1,1,1,1,1,1,1,1,1,1,1,1,"Makan, Melihat Pemandangan, Berbelanja",1,0,0,0,0,0,0,1,1,0
Jatim International Expo (JIE) Convention Exhibiton,1,1,1,1,1,1,1,1,1,1,1,1,1,1,"Mengambil Foto, Melihat Pemandangan, Berbelanja",0,0,0,0,1,0,0,1,1,0
Jatim International Expo (JIE) Convention Exhibiton,1,1,1,1,1,1,1,1,1,1,1,1,1,1,"Makan, Belajar, Mengambil Foto, Melihat Pemandangan, Berbelanja",1,0,1,0,1,0,0,1,1,0
Jatim International Expo (JIE) Convention Exhibiton,1,1,1,1,1,0,1,0,0,1,1,1,1,0,"Makan, Mengambil Foto, Berbelanja",1,0,0,0,1,0,0,0,1,0
Jalan Tunjungan,1,1,0,0,0,1,0,1,0,0,1,1,0,0,"Makan, Mengambil Foto, Melihat Pemandangan",1,0,0,0,1,0,0,1,0,0
Jalan Tunjungan,1,1,1,1,1,1,1,0,1,0,1,0,0,0,"Makan, Mengambil Foto, Berbelanja",1,0,0,0,1,0,0,0,1,0
Jalan Tunjungan,0,1,1,0,1,0,0,1,0,0,1,1,1,0,"Berolahraga, Mengambil Foto, Melihat Pemandangan",0,1,0,0,1,0,0,1,0,0
Jalan Tunjungan,1,1,1,1,0,1,1,1,0,0,1,1,1,1,"Makan, Belajar, Mengambil Foto, Berbelanja",1,0,1,0,1,0,0,0,1,0
Jalan Tunjungan,1,0,1,0,0,1,1,0,0,0,1,1,1,1,"Berolahraga, Mengambil Foto",0,1,0,0,1,0,0,0,0,0
Jalan Tunjungan,1,0,1,0,1,1,1,0,0,0,1,1,0,0,"Makan, Mengambil Foto, Berbelanja",1,0,0,0,1,0,0,0,1,0
Jalan Tunjungan,1,0,1,1,1,1,0,0,1,1,1,1,1,0,"Makan, Berbelanja",1,0,0,0,0,0,0,0,1,0
Jalan Tunjungan,1,0,1,1,1,1,1,1,0,0,1,1,1,1,Berbelanja,0,0,0,0,0,0,0,0,1,0
Jalan Tunjungan,1,0,1,1,1,1,1,0,1,1,1,1,0,1,"Makan, Berbelanja",1,0,0,0,0,0,0,0,1,0
Jalan Tunjungan,1,1,1,1,1,1,1,0,0,1,1,1,1,1,"Makan, Mengambil Foto, Melihat Pemandangan, Berbelanja",1,0,0,0,1,0,0,1,1,0
Jalan Tunjungan,1,1,1,0,1,1,0,0,1,1,1,1,1,1,"Makan, Mengambil Foto",1,0,0,0,1,0,0,0,0,0
Jalan Tunjungan,1,1,1,1,0,1,1,0,0,1,1,1,1,0,"Makan, Mengambil Foto",1,0,0,0,1,0,0,0,0,0
Jalan Tunjungan,1,1,1,1,1,1,1,0,0,1,1,1,1,1,"Makan, Berbelanja",1,0,0,0,0,0,0,0,1,0
Jalan Tunjungan,1,1,1,1,1,1,1,0,1,0,1,1,1,1,Makan,1,0,0,0,0,0,0,0,0,0
Jalan Tunjungan,1,1,1,1,1,1,1,1,0,1,1,1,1,0,Makan,1,0,0,0,0,0,0,0,0,0
Jalan Tunjungan,1,1,0,1,1,1,0,0,1,1,1,1,1,1,Mengambil Foto,0,0,0,0,1,0,0,0,0,0
Jalan Tunjungan,0,1,1,1,1,1,0,1,0,1,1,1,0,1,"Belajar, Mengambil Foto",0,0,1,0,1,0,0,0,0,0
Jalan Tunjungan,1,1,1,0,1,0,0,1,1,1,1,1,0,1,"Belajar, Mengambil Foto",0,0,1,0,1,0,0,0,0,0
Jalan Tunjungan,1,1,1,1,1,1,1,1,1,1,0,1,1,1,Mengambil Foto,0,0,0,0,1,0,0,0,0,0
Jalan Tunjungan,1,0,1,1,1,0,0,1,1,0,1,1,1,1,"Belajar, Mengambil Foto",0,0,1,0,1,0,0,0,0,0
Jalan Tunjungan,1,1,0,1,1,1,0,1,0,1,1,0,0,1,"Belajar, Mengambil Foto",0,0,1,0,1,0,0,0,0,0
Jalan Tunjungan,0,0,0,1,1,1,0,1,1,1,1,1,1,1,Mengambil Foto,0,0,0,0,1,0,0,0,0,0
Jalan Tunjungan,0,1,1,1,1,1,0,1,0,1,1,1,1,1,"Belajar, Mengambil Foto",0,0,1,0,1,0,0,0,0,0
Jalan Tunjungan,1,1,0,1,1,1,0,1,1,1,1,1,1,1,"Belajar, Mengambil Foto",0,0,1,0,1,0,0,0,0,0
Jalan Tunjungan,1,1,1,1,1,1,0,1,1,1,1,1,1,1,"Belajar, Mengambil Foto, Melihat Pemandangan",0,0,1,0,1,0,0,1,0,0
Jalan Tunjungan,1,1,1,0,0,1,1,1,1,1,1,1,1,1,"Makan, Mengambil Foto, Berbelanja",1,0,0,0,1,0,0,0,1,0
Jalan Tunjungan,1,0,1,1,0,1,1,0,1,0,1,1,1,1,"Makan, Berolahraga, Mengambil Foto",1,1,0,0,1,0,0,0,0,0
Jalan Tunjungan,1,1,1,1,0,1,1,1,1,0,1,1,1,1,"Makan, Berolahraga, Belajar, Mengambil Foto, Berbelanja",1,1,1,0,1,0,0,0,1,0
Jalan Tunjungan,0,0,1,1,1,1,1,0,0,0,1,1,1,1,"Makan, Berolahraga, Belajar, Mengambil Foto, Beribadah, Melihat Pemandangan, Berbelanja",1,1,1,0,1,1,0,1,1,0
Jalan Tunjungan,1,1,1,1,0,1,1,0,0,0,1,0,1,1,"Makan, Berolahraga, Belajar, Berbelanja",1,1,1,0,0,0,0,0,1,0
Jalan Tunjungan,1,0,1,1,0,1,1,0,0,0,1,1,1,1,"Makan, Mengambil Foto",1,0,0,0,1,0,0,0,0,0
Jalan Tunjungan,1,1,1,1,0,1,1,0,0,0,1,0,1,1,"Makan, Berolahraga, Mengambil Foto, Melihat Pemandangan",1,1,0,0,1,0,0,1,0,0
Jalan Tunjungan,1,1,1,1,0,1,1,0,0,0,1,0,1,1,"Makan, Mengambil Foto, Berbelanja",1,0,0,0,1,0,0,0,1,0
Jalan Tunjungan,1,1,1,1,0,0,0,0,0,1,0,0,1,1,"Berolahraga, Mengambil Foto, Berbelanja",0,1,0,0,1,0,0,0,1,0
Jalan Tunjungan,1,1,1,1,0,1,1,0,0,0,1,1,1,1,"Makan, Berolahraga, Mengambil Foto, Melihat Pemandangan, Berbelanja",1,1,0,0,1,0,0,1,1,0
Jalan Tunjungan,1,1,1,1,1,1,0,0,0,0,1,1,0,0,"Makan, Melihat Pemandangan",1,0,0,0,0,0,0,1,0,0
Jalan Tunjungan,0,0,1,1,1,1,1,0,0,0,0,1,0,0,"Makan, Mengambil Foto",1,0,0,0,1,0,0,0,0,0
Jalan Tunjungan,1,1,1,1,1,1,1,0,0,1,1,0,0,0,"Mengambil Foto, Berbelanja",0,0,0,0,1,0,0,0,1,0
Jalan Tunjungan,1,0,1,1,0,1,1,1,1,1,1,1,1,0,"Belajar, Melihat Pemandangan, Berbelanja",0,0,1,0,0,0,0,1,1,0
Jalan Tunjungan,1,1,1,1,1,1,1,1,1,1,1,1,1,1,"Berolahraga, Berinteraksi dengan satwa, Mengambil Foto, Melihat Pemandangan, Berbelanja",0,1,0,0,1,0,0,1,1,0
Jalan Tunjungan,1,1,1,1,1,1,1,1,1,1,1,1,1,1,"Makan, Mengambil Foto, Melihat Pemandangan, Berbelanja",1,0,0,0,1,0,0,1,1,0
Jalan Tunjungan,1,1,1,1,0,1,1,0,0,0,1,0,1,0,Berbelanja,0,0,0,0,0,0,0,0,1,0
Jalan Tunjungan,0,1,1,1,0,0,0,0,0,0,1,1,0,0,Makan,1,0,0,0,0,0,0,0,0,0
Jalan Tunjungan,0,0,1,0,1,0,0,0,1,1,0,1,0,1,"Makan, Mengambil Foto",1,0,0,0,1,0,0,0,0,0
Jalan Tunjungan,1,1,1,1,1,1,1,1,1,1,1,1,1,1,"Makan, Mengambil Foto, Beribadah, Melihat Pemandangan, Berbelanja",1,0,0,0,1,1,0,1,1,0
Jalan Tunjungan,1,1,1,1,1,1,1,1,1,0,1,0,0,1,Berbelanja,0,0,0,0,0,0,0,0,1,0
Jalan Tunjungan,1,1,1,1,0,1,1,1,1,1,1,1,1,0,"Makan, Mengambil Foto",1,0,0,0,1,0,0,0,0,0
Jalan Tunjungan,1,1,1,1,1,1,0,1,1,0,1,1,1,0,"Melihat Pemandangan, Berbelanja",0,0,0,0,0,0,0,1,1,0
Jalan Tunjungan,1,1,1,1,1,1,1,1,1,1,1,1,1,1,"Makan, Belajar, Mengambil Foto, Melihat Pemandangan, Berbelanja",1,0,1,0,1,0,0,1,1,0
Jalan Tunjungan,1,1,1,1,0,1,1,1,0,0,1,1,1,1,"Makan, Mengambil Foto, Beribadah, Melihat Pemandangan",1,0,0,0,1,1,0,1,0,0
House of Sampoerna,1,1,0,0,0,1,0,1,0,0,1,1,1,0,Mengambil Foto,0,0,0,0,1,0,0,0,0,0
House of Sampoerna,1,1,1,0,1,1,1,1,1,1,1,1,1,1,Mengambil Foto,0,0,0,0,1,0,0,0,0,0
House of Sampoerna,1,0,1,1,1,0,1,1,1,1,1,1,1,1,"Makan, Mengambil Foto",1,0,0,0,1,0,0,0,0,0
House of Sampoerna,1,1,1,1,1,1,1,1,0,1,1,0,1,1,"Belajar, Mengambil Foto",0,0,1,0,1,0,0,0,0,0
House of Sampoerna,1,1,0,1,0,1,1,1,1,1,1,1,1,1,Mengambil Foto,0,0,0,0,1,0,0,0,0,0
House of Sampoerna,1,1,1,0,1,1,1,1,1,1,1,1,1,1,"Makan, Belajar, Mengambil Foto",1,0,1,0,1,0,0,0,0,0
House of Sampoerna,1,1,1,1,0,0,1,0,1,1,1,1,0,1,"Makan, Belajar",1,0,1,0,0,0,0,0,0,0
House of Sampoerna,1,1,1,1,1,1,1,1,0,0,1,1,0,1,"Makan,  Melihat Pemandangan",1,0,0,0,0,0,0,1,0,0
House of Sampoerna,1,1,1,1,0,1,1,1,1,0,1,1,1,1,"Makan, Beribadah, Berkemah, Melihat Pemandangan",1,0,0,0,0,1,1,1,0,0
House of Sampoerna,1,1,1,1,0,1,0,1,1,1,1,1,1,1,"Makan, Berinteraksi dengan satwa, Berkemah, Melihat Pemandangan",1,0,0,1,0,0,1,1,0,0
House of Sampoerna,1,1,1,1,1,1,1,1,1,0,1,1,1,1,"Makan,  Melihat Pemandangan",1,0,0,0,0,0,0,1,0,0
House of Sampoerna,1,0,0,0,0,1,0,1,0,0,0,1,1,1,"Belajar, Mengambil Foto",0,0,1,0,1,0,0,0,0,0
House of Sampoerna,1,0,0,1,0,1,0,1,0,0,1,1,1,1,"Belajar, Mengambil Foto",0,0,1,0,1,0,0,0,0,0
House of Sampoerna,1,1,1,0,0,0,0,1,0,0,0,1,1,1,Belajar,0,0,1,0,0,0,0,0,0,0
House of Sampoerna,1,0,0,0,0,0,0,1,0,0,1,1,1,1,"Belajar, Mengambil Foto",0,0,1,0,1,0,0,0,0,0
House of Sampoerna,1,1,0,0,0,1,0,1,0,0,1,1,1,1,Belajar,0,0,1,0,0,0,0,0,0,0
House of Sampoerna,1,1,0,1,0,1,0,1,0,1,1,1,1,1,"Belajar, Mengambil Foto",0,0,1,0,1,0,0,0,0,0
House of Sampoerna,1,1,1,1,0,1,0,1,1,1,1,1,1,1,Belajar,0,0,1,0,0,0,0,0,0,0
House of Sampoerna,1,1,0,1,0,1,0,1,1,1,1,1,1,1,"Belajar, Mengambil Foto",0,0,1,0,1,0,0,0,0,0
House of Sampoerna,1,1,0,1,0,1,0,1,1,0,1,1,0,1,"Belajar, Mengambil Foto, Melihat Pemandangan",0,0,1,0,1,0,0,1,0,0
House of Sampoerna,1,1,0,1,0,0,0,1,0,0,1,1,1,1,Belajar,0,0,1,0,0,0,0,0,0,0
House of Sampoerna,1,0,0,0,0,1,0,1,1,1,1,1,1,1,"Belajar, Mengambil Foto",0,0,1,0,1,0,0,0,0,0
House of Sampoerna,1,0,0,0,0,1,0,1,1,1,1,1,1,1,Belajar,0,0,1,0,0,0,0,0,0,0
House of Sampoerna,1,1,0,1,0,1,0,1,1,1,1,1,1,1,"Belajar, Mengambil Foto",0,0,1,0,1,0,0,0,0,0
House of Sampoerna,1,0,0,0,1,1,0,1,1,1,1,1,1,1,"Belajar, Mengambil Foto",0,0,1,0,1,0,0,0,0,0
House of Sampoerna,1,1,1,0,0,1,0,1,1,1,1,1,1,1,Berolahraga,0,1,0,0,0,0,0,0,0,0
House of Sampoerna,1,1,1,1,1,0,1,0,0,0,1,0,1,1,"Makan, Berolahraga, Mengambil Foto, Melihat Pemandangan",1,1,0,0,1,0,0,1,0,0
House of Sampoerna,1,0,1,1,0,1,1,0,0,0,1,0,1,1,"Makan, Berolahraga, Mengambil Foto",1,1,0,0,1,0,0,0,0,0
House of Sampoerna,1,1,1,1,0,1,1,0,0,0,1,1,1,1,"Berolahraga, Mengambil Foto",0,1,0,0,1,0,0,0,0,0
House of Sampoerna,1,0,1,1,0,1,1,0,0,0,1,1,1,1,"Mengambil Foto, Berbelanja",0,0,0,0,1,0,0,0,1,0
House of Sampoerna,0,0,1,1,0,1,1,1,0,0,1,1,1,1,"Makan, Belajar, Mengambil Foto, Berbelanja",1,0,1,0,1,0,0,0,1,0
House of Sampoerna,1,1,0,1,1,0,0,1,1,0,1,1,0,0,"Makan, Mengambil Foto",1,0,0,0,1,0,0,0,0,0
House of Sampoerna,1,1,0,1,0,1,0,1,1,1,1,0,1,1,"Beribadah, Melihat Pemandangan, Berbelanja",0,0,0,0,0,1,0,1,1,0
House of Sampoerna,1,0,0,1,1,1,0,1,0,1,1,1,0,1,"Berolahraga, Belajar, Berinteraksi dengan satwa",0,1,1,1,0,0,0,0,0,0
House of Sampoerna,1,1,0,1,0,0,1,1,0,1,0,1,1,0,"Belajar, Berinteraksi dengan satwa, Mengambil Foto",0,0,1,1,1,0,0,0,0,0
House of Sampoerna,1,1,0,1,1,0,0,1,1,0,1,1,1,0,"Berolahraga, Belajar, Beribadah, Berkemah",0,1,1,0,0,1,1,0,0,0
House of Sampoerna,1,0,1,1,0,1,0,1,0,0,1,1,0,0,"Beribadah, Berkemah, Melihat Pemandangan",0,0,0,0,0,1,1,1,0,0
House of Sampoerna,1,1,0,1,0,1,0,1,1,1,1,0,1,1,"Mengambil Foto, Melihat Pemandangan, Berbelanja",0,0,0,0,1,0,0,1,1,0
House of Sampoerna,1,0,1,1,0,0,1,1,0,1,1,1,1,0,"Belajar, Mengambil Foto, Berkemah",0,0,1,0,1,0,1,0,0,0
House of Sampoerna,0,1,1,0,1,1,1,1,0,0,1,1,1,0,"Berolahraga, Belajar, Berinteraksi dengan satwa, Mengambil Foto",0,1,1,1,1,0,0,0,0,0
House of Sampoerna,1,0,1,1,0,0,1,1,0,1,1,0,0,1,"Mengambil Foto, Beribadah, Berkemah",0,0,0,0,1,1,1,0,0,0
House of Sampoerna,1,1,0,1,0,1,0,1,1,1,0,1,1,0,"Beribadah, Berkemah, Melihat Pemandangan, Berbelanja",0,0,0,0,0,1,1,1,1,0
House of Sampoerna,1,1,0,1,0,1,1,0,1,1,1,1,0,1,"Makan, Berolahraga, Belajar",1,1,1,0,0,0,0,0,0,0
House of Sampoerna,1,0,1,1,0,0,1,1,0,1,1,1,0,0,"Berolahraga, Belajar, Berinteraksi dengan satwa, Beribadah, Berkemah, Melihat Pemandangan",0,1,1,1,0,1,1,1,0,0
House of Sampoerna,1,1,0,0,1,1,0,1,1,1,0,1,1,0,"Mengambil Foto, Beribadah, Melihat Pemandangan, Berbelanja",0,0,0,0,1,1,0,1,1,0
House of Sampoerna,0,1,1,0,1,1,0,0,1,1,1,1,0,1,"Belajar, Berinteraksi dengan satwa, Mengambil Foto, Beribadah, Berkemah",0,0,1,1,1,1,1,0,0,0
House of Sampoerna,1,1,0,0,1,0,1,0,1,1,1,0,0,1,"Belajar, Berinteraksi dengan satwa, Mengambil Foto, Beribadah, Melihat Pemandangan",0,0,1,1,1,1,0,1,0,0
House of Sampoerna,1,1,0,0,1,1,0,1,0,1,1,1,0,1,"Belajar, Berinteraksi dengan satwa, Mengambil Foto, Melihat Pemandangan, Berbelanja",0,0,1,1,1,0,0,1,1,0
House of Sampoerna,1,0,1,1,0,0,1,1,0,1,1,1,1,0,"Berinteraksi dengan satwa, Mengambil Foto, Beribadah, Melihat Pemandangan, Berbelanja",0,0,0,1,1,1,0,1,1,0
House of Sampoerna,0,0,1,1,0,1,0,1,1,1,1,1,1,1,"Belajar, Mengambil Foto, Berbelanja",0,0,1,0,1,0,0,0,1,0
Galaxy Mall Surabaya,1,1,1,1,1,0,1,0,0,1,1,1,1,0,"Makan, Berolahraga, Mengambil Foto, Beribadah, Berbelanja",1,1,0,0,1,1,0,0,1,0
Galaxy Mall Surabaya,1,1,1,1,1,1,1,0,1,0,1,1,1,1,"Makan, Berolahraga, Mengambil Foto, Beribadah, Berbelanja",1,1,0,0,1,1,0,0,1,0
Galaxy Mall Surabaya,1,1,1,0,1,0,1,1,0,1,1,1,1,0,"Makan, Mengambil Foto, Berbelanja",1,0,0,0,1,0,0,0,1,0
Galaxy Mall Surabaya,1,1,1,1,0,1,1,0,0,0,1,0,1,0,"Makan, Mengambil Foto, Berbelanja",1,0,0,0,1,0,0,0,1,0
Galaxy Mall Surabaya,1,1,1,1,1,1,1,1,0,1,1,0,1,0,"Makan, Berbelanja",1,0,0,0,0,0,0,0,1,0
Galaxy Mall Surabaya,1,1,0,1,1,0,1,1,0,0,1,1,1,0,"Makan, Belajar, Berbelanja",1,0,1,0,0,0,0,0,1,0
Galaxy Mall Surabaya,1,1,0,1,0,1,1,0,0,1,0,0,1,0,"Makan, Mengambil Foto, Berbelanja",1,0,0,0,1,0,0,0,1,0
Galaxy Mall Surabaya,0,0,1,1,1,1,0,1,0,1,0,1,1,0,"Makan, Berbelanja",1,0,0,0,0,0,0,0,1,0
Galaxy Mall Surabaya,1,0,1,0,1,1,0,1,1,0,1,0,1,0,Berbelanja,0,0,0,0,0,0,0,0,1,0
Galaxy Mall Surabaya,1,1,1,1,0,1,1,1,0,0,0,1,1,0,"Makan, Berolahraga, Berbelanja",1,1,0,0,0,0,0,0,1,0
Galaxy Mall Surabaya,1,1,0,1,1,1,1,0,1,0,1,1,1,0,Berbelanja,0,0,0,0,0,0,0,0,1,0
Galaxy Mall Surabaya,1,1,1,1,0,1,1,1,0,0,0,1,1,0,"Makan, Berolahraga",1,1,0,0,0,0,0,0,0,0
Galaxy Mall Surabaya,1,1,0,1,0,1,0,0,0,0,1,0,0,0,"Makan, Berbelanja",1,0,0,0,0,0,0,0,1,0
Galaxy Mall Surabaya,1,1,1,1,1,1,0,1,0,0,1,0,0,0,"Makan, Mengambil Foto, Berbelanja",1,0,0,0,1,0,0,0,1,0
Galaxy Mall Surabaya,1,1,0,1,0,1,1,0,1,0,1,0,1,0,Berbelanja,0,0,0,0,0,0,0,0,1,0
Galaxy Mall Surabaya,1,1,1,1,0,1,1,0,0,0,0,1,0,0,"Makan, Mengambil Foto, Berbelanja",1,0,0,0,1,0,0,0,1,0
Galaxy Mall Surabaya,1,1,0,1,0,1,1,1,0,0,1,0,0,0,"Makan, Berbelanja",1,0,0,0,0,0,0,0,1,0
Galaxy Mall Surabaya,1,1,0,1,0,1,1,0,0,0,1,0,0,0,"Makan, Berolahraga",1,1,0,0,0,0,0,0,0,0
Galaxy Mall Surabaya,1,1,0,1,1,1,1,0,0,0,0,0,1,0,"Makan, Berbelanja",1,0,0,0,0,0,0,0,1,0
Galaxy Mall Surabaya,1,0,0,1,1,1,1,0,0,0,1,1,1,1,"Mengambil Foto, Berbelanja",0,0,0,0,1,0,0,0,1,0
Galaxy Mall Surabaya,1,1,1,1,1,0,1,0,0,0,1,1,1,0,"Makan, Mengambil Foto, Beribadah, Berbelanja",1,0,0,0,1,1,0,0,1,0
Galaxy Mall Surabaya,1,0,1,1,1,0,1,0,0,0,1,1,1,1,"Mengambil Foto, Berbelanja",0,0,0,0,1,0,0,0,1,0
Galaxy Mall Surabaya,0,0,1,1,1,0,1,0,0,0,1,1,1,1,Berbelanja,0,0,0,0,0,0,0,0,1,0
Galaxy Mall Surabaya,0,0,1,1,1,1,1,0,0,0,1,1,1,0,"Makan, Berbelanja",1,0,0,0,0,0,0,0,1,0
Galaxy Mall Surabaya,1,1,1,1,0,1,1,0,0,0,1,1,1,1,"Mengambil Foto, Berbelanja",0,0,0,0,1,0,0,0,1,0
Galaxy Mall Surabaya,1,1,1,1,0,0,1,0,0,1,1,1,1,1,"Makan, Mengambil Foto, Berbelanja",1,0,0,0,1,0,0,0,1,0
Galaxy Mall Surabaya,1,1,1,1,0,1,1,1,0,0,1,1,1,1,"Mengambil Foto, Berbelanja",0,0,0,0,1,0,0,0,1,0
Galaxy Mall Surabaya,1,1,1,1,1,1,1,0,0,0,1,1,1,1,"Makan, Berolahraga, Mengambil Foto, Melihat Pemandangan",1,1,0,0,1,0,0,1,0,0
Galaxy Mall Surabaya,1,1,1,1,0,1,1,0,0,0,1,1,1,1,"Makan, Berbelanja",1,0,0,0,0,0,0,0,1,0
Galaxy Mall Surabaya,1,1,1,1,0,1,1,1,1,1,1,1,1,1,"Mengambil Foto, Berbelanja",0,0,0,0,1,0,0,0,1,0
Galaxy Mall Surabaya,1,1,1,1,1,0,0,0,0,0,1,1,1,1,"Makan, Berbelanja",1,0,0,0,0,0,0,0,1,0
Galaxy Mall Surabaya,1,0,1,1,1,0,0,0,0,0,1,1,1,1,"Makan, Mengambil Foto, Beribadah, Berbelanja",1,0,0,0,1,1,0,0,1,0
Galaxy Mall Surabaya,1,0,1,1,1,0,1,0,0,0,1,1,1,1,"Makan, Mengambil Foto, Berbelanja",1,0,0,0,1,0,0,0,1,0
Galaxy Mall Surabaya,1,1,1,1,1,0,1,0,0,0,1,1,1,1,"Makan, Mengambil Foto, Berbelanja",1,0,0,0,1,0,0,0,1,0
Galaxy Mall Surabaya,1,1,1,1,1,1,1,1,1,1,1,1,1,1,"Makan, Mengambil Foto",1,0,0,0,1,0,0,0,0,0
Galaxy Mall Surabaya,1,1,1,1,1,1,1,1,1,1,1,1,1,1,"Makan, Mengambil Foto, Berbelanja",1,0,0,0,1,0,0,0,1,0
Galaxy Mall Surabaya,1,1,1,1,1,1,1,1,1,1,1,1,1,1,Berbelanja,0,0,0,0,0,0,0,0,1,0
Galaxy Mall Surabaya,1,1,1,1,1,1,1,1,1,1,1,1,1,1,"Makan, Berbelanja",1,0,0,0,0,0,0,0,1,0
Galaxy Mall Surabaya,1,1,1,1,1,1,1,1,1,1,1,1,1,1,Berbelanja,0,0,0,0,0,0,0,0,1,0
Galaxy Mall Surabaya,1,1,1,1,1,1,1,1,1,1,1,1,1,1,"Makan, Berbelanja",1,0,0,0,0,0,0,0,1,0
Galaxy Mall Surabaya,1,1,1,1,1,1,1,1,1,1,1,1,1,1,Berbelanja,0,0,0,0,0,0,0,0,1,0
Galaxy Mall Surabaya,1,1,1,1,1,1,1,1,1,1,1,1,1,1,"Makan, Mengambil Foto, Melihat Pemandangan",1,0,0,0,1,0,0,1,0,0
Galaxy Mall Surabaya,1,1,1,1,1,1,1,1,1,1,1,1,1,1,Berbelanja,0,0,0,0,0,0,0,0,1,0
Galaxy Mall Surabaya,1,1,1,1,1,1,1,1,1,1,1,1,1,1,"Mengambil Foto, Berbelanja",0,0,0,0,1,0,0,0,1,0
Galaxy Mall Surabaya,1,1,1,1,1,1,1,1,1,1,1,1,1,1,Berbelanja,0,0,0,0,0,0,0,0,1,0
Galaxy Mall Surabaya,1,1,1,1,1,1,1,1,1,1,1,1,1,1,"Makan, Berbelanja",1,0,0,0,0,0,0,0,1,0
Galaxy Mall Surabaya,1,1,1,1,1,1,1,1,1,1,1,1,1,1,Berbelanja,0,0,0,0,0,0,0,0,1,0
Galaxy Mall Surabaya,1,1,1,0,1,1,1,1,1,1,1,1,1,1,Berbelanja,0,0,0,0,0,0,0,0,1,0
Galaxy Mall Surabaya,1,1,1,1,1,1,1,1,1,1,1,1,1,1,"Makan, Mengambil Foto, Beribadah, Melihat Pemandangan, Berbelanja",1,0,0,0,1,1,0,1,1,0
Galaxy Mall Surabaya,1,1,1,1,1,0,1,0,0,1,1,1,1,1,"Makan, Mengambil Foto, Berbelanja",1,0,0,0,1,0,0,0,1,0
Balai Pemuda Alun - Alun Surabaya,1,1,1,1,0,1,1,1,1,1,1,1,1,1,"Makan, Berolahraga, Belajar, Mengambil Foto, Beribadah, Berbelanja",1,1,1,0,1,1,0,0,1,0
Balai Pemuda Alun - Alun Surabaya,1,1,1,1,1,1,1,0,0,0,1,1,1,0,Mengambil Foto,0,0,0,0,1,0,0,0,0,0
Balai Pemuda Alun - Alun Surabaya,0,1,1,1,0,1,1,1,0,0,1,1,1,0,"Makan, Mengambil Foto, Melihat Pemandangan",1,0,0,0,1,0,0,1,0,0
Balai Pemuda Alun - Alun Surabaya,0,1,0,0,1,1,0,1,1,0,1,1,1,0,"Belajar, Beribadah, Berbelanja",0,0,1,0,0,1,0,0,1,0
Balai Pemuda Alun - Alun Surabaya,0,1,0,0,1,1,1,0,0,1,0,1,1,0,Belajar,0,0,1,0,0,0,0,0,0,0
Balai Pemuda Alun - Alun Surabaya,1,1,1,1,0,1,1,1,0,0,0,0,1,0,"Makan, Berolahraga",1,1,0,0,0,0,0,0,0,0
Balai Pemuda Alun - Alun Surabaya,1,1,1,1,0,1,1,1,1,0,0,1,1,0,Berolahraga,0,1,0,0,0,0,0,0,0,0
Balai Pemuda Alun - Alun Surabaya,1,0,0,1,0,1,0,1,1,0,1,0,1,0,"Berolahraga, Belajar",0,1,1,0,0,0,0,0,0,0
Balai Pemuda Alun - Alun Surabaya,1,1,0,1,0,1,0,1,1,0,1,1,0,0,"Makan, Berolahraga, Belajar",1,1,1,0,0,0,0,0,0,0
Balai Pemuda Alun - Alun Surabaya,1,1,0,1,0,1,1,1,1,0,1,1,1,0,Berolahraga,0,1,0,0,0,0,0,0,0,0
Balai Pemuda Alun - Alun Surabaya,1,0,1,0,1,0,1,0,1,0,1,0,1,0,"Berolahraga, Belajar",0,1,1,0,0,0,0,0,0,0
Balai Pemuda Alun - Alun Surabaya,1,1,0,1,0,1,1,0,1,0,1,0,0,0,"Makan, Berolahraga, Belajar, Melihat Pemandangan",1,1,1,0,0,0,0,1,0,0
Balai Pemuda Alun - Alun Surabaya,1,0,1,0,1,0,1,0,1,0,1,0,1,0,"Makan, Berolahraga, Mengambil Foto",1,1,0,0,1,0,0,0,0,0
Balai Pemuda Alun - Alun Surabaya,1,1,1,1,0,1,1,1,1,0,1,1,1,0,"Makan, Berolahraga",1,1,0,0,0,0,0,0,0,0
Balai Pemuda Alun - Alun Surabaya,1,1,1,1,0,1,1,1,1,0,1,1,1,0,Berolahraga,0,1,0,0,0,0,0,0,0,0
Balai Pemuda Alun - Alun Surabaya,1,1,0,1,0,1,0,1,1,1,0,0,1,1,"Makan, Berolahraga, Mengambil Foto",1,1,0,0,1,0,0,0,0,0
Balai Pemuda Alun - Alun Surabaya,1,1,0,1,0,1,1,1,0,0,1,0,1,0,"Makan, Berolahraga",1,1,0,0,0,0,0,0,0,0
Balai Pemuda Alun - Alun Surabaya,1,1,1,1,0,1,0,1,1,1,0,1,1,1,Berolahraga,0,1,0,0,0,0,0,0,0,0
Balai Pemuda Alun - Alun Surabaya,1,1,1,1,0,1,1,1,0,0,1,0,0,1,"Berolahraga, Belajar",0,1,1,0,0,0,0,0,0,0
Balai Pemuda Alun - Alun Surabaya,1,1,0,1,0,1,1,0,0,0,1,1,0,1,"Makan, Berolahraga, Mengambil Foto",1,1,0,0,1,0,0,0,0,0
Balai Pemuda Alun - Alun Surabaya,1,1,1,1,0,1,1,1,1,0,0,1,1,0,"Makan, Berolahraga",1,1,0,0,0,0,0,0,0,0
Balai Pemuda Alun - Alun Surabaya,1,1,1,1,0,0,1,1,0,0,1,1,1,0,"Makan, Berolahraga, Belajar, Mengambil Foto, Beribadah, Melihat Pemandangan, Berbelanja",1,1,1,0,1,1,0,1,1,0
Balai Pemuda Alun - Alun Surabaya,1,1,1,1,0,0,1,0,0,0,1,1,1,1,"Makan, Belajar, Mengambil Foto",1,0,1,0,1,0,0,0,0,0
Balai Pemuda Alun - Alun Surabaya,1,1,1,1,0,0,1,1,1,1,1,1,1,1,"Makan, Berolahraga, Belajar",1,1,1,0,0,0,0,0,0,0
Balai Pemuda Alun - Alun Surabaya,0,1,1,0,0,1,1,1,0,0,1,1,1,1,"Makan, Belajar, Mengambil Foto",1,0,1,0,1,0,0,0,0,0
Balai Pemuda Alun - Alun Surabaya,1,1,1,1,0,1,1,1,0,0,1,0,1,0,"Makan, Berolahraga, Belajar, Mengambil Foto, Berbelanja",1,1,1,0,1,0,0,0,1,0
Balai Pemuda Alun - Alun Surabaya,1,1,0,1,0,0,1,0,1,0,1,1,1,0,"Makan, Berolahraga",1,1,0,0,0,0,0,0,0,0
Balai Pemuda Alun - Alun Surabaya,1,1,1,1,0,0,0,1,0,0,1,1,1,0,"Makan, Berolahraga, Belajar, Beribadah",1,1,1,0,0,1,0,0,0,0
Balai Pemuda Alun - Alun Surabaya,1,1,1,1,0,1,1,1,0,0,1,1,1,0,"Makan, Berolahraga, Belajar, Mengambil Foto, Beribadah, Berbelanja",1,1,1,0,1,1,0,0,1,0
Balai Pemuda Alun - Alun Surabaya,1,1,1,1,0,1,1,0,0,0,1,1,1,0,"Makan, Berolahraga, Belajar, Mengambil Foto",1,1,1,0,1,0,0,0,0,0
Balai Pemuda Alun - Alun Surabaya,1,1,0,1,0,1,1,1,0,0,1,1,1,0,"Makan, Belajar, Mengambil Foto",1,0,1,0,1,0,0,0,0,0
Balai Pemuda Alun - Alun Surabaya,1,1,1,1,0,1,1,1,0,1,1,1,1,0,"Makan, Berolahraga, Belajar, Mengambil Foto",1,1,1,0,1,0,0,0,0,0
Balai Pemuda Alun - Alun Surabaya,0,1,0,1,0,0,1,0,0,0,1,1,1,0,"Makan, Berolahraga, Belajar, Mengambil Foto, Berbelanja",1,1,1,0,1,0,0,0,1,0
Balai Pemuda Alun - Alun Surabaya,1,1,1,1,0,1,1,0,0,0,1,1,1,1,"Makan, Berolahraga, Mengambil Foto, Beribadah, Berbelanja",1,1,0,0,1,1,0,0,1,0
Balai Pemuda Alun - Alun Surabaya,1,1,1,1,0,1,1,0,0,0,1,1,1,1,"Makan, Berolahraga, Mengambil Foto",1,1,0,0,1,0,0,0,0,0
Balai Pemuda Alun - Alun Surabaya,1,1,1,1,0,1,1,0,0,0,1,1,1,0,"Makan, Berolahraga, Mengambil Foto",1,1,0,0,1,0,0,0,0,0
Balai Pemuda Alun - Alun Surabaya,1,0,1,1,0,1,1,1,1,1,1,0,1,1,"Makan, Berolahraga, Belajar",1,1,1,0,0,0,0,0,0,0
Balai Pemuda Alun - Alun Surabaya,0,1,1,1,1,1,0,1,1,1,0,1,1,1,"Berolahraga, Belajar, Mengambil Foto, Berbelanja",0,1,1,0,1,0,0,0,1,0
Balai Pemuda Alun - Alun Surabaya,1,1,0,1,0,1,1,1,1,1,1,1,0,0,"Berolahraga, Belajar, Mengambil Foto, Melihat Pemandangan",0,1,1,0,1,0,0,1,0,0
Balai Pemuda Alun - Alun Surabaya,1,1,1,1,1,0,0,1,1,1,1,1,1,1,"Belajar, Mengambil Foto, Melihat Pemandangan, Berbelanja",0,0,1,0,1,0,0,1,1,0
Balai Pemuda Alun - Alun Surabaya,1,0,1,1,0,1,0,1,1,1,1,0,1,0,"Berolahraga, Belajar, Mengambil Foto",0,1,1,0,1,0,0,0,0,0
Balai Pemuda Alun - Alun Surabaya,1,0,1,0,0,1,1,1,1,1,1,1,0,0,"Berolahraga, Belajar, Mengambil Foto",0,1,1,0,1,0,0,0,0,0
Balai Pemuda Alun - Alun Surabaya,0,1,1,1,1,1,0,1,0,1,1,0,1,0,"Berolahraga, Belajar, Mengambil Foto, Melihat Pemandangan",0,1,1,0,1,0,0,1,0,0
Balai Pemuda Alun - Alun Surabaya,1,0,0,1,0,1,1,1,1,1,1,1,0,0,"Berolahraga, Belajar, Melihat Pemandangan, Berbelanja",0,1,1,0,0,0,0,1,1,0
Balai Pemuda Alun - Alun Surabaya,1,0,1,1,0,1,1,1,1,0,0,1,1,0,"Berolahraga, Berbelanja",0,1,0,0,0,0,0,0,1,0
Balai Pemuda Alun - Alun Surabaya,1,0,1,1,0,1,1,1,0,0,1,1,1,0,"Berolahraga, Belajar, Mengambil Foto",0,1,1,0,1,0,0,0,0,0
Balai Pemuda Alun - Alun Surabaya,1,1,1,1,0,1,1,1,1,0,1,0,0,0,"Berolahraga, Belajar, Mengambil Foto",0,1,1,0,1,0,0,0,0,0
Balai Pemuda Alun - Alun Surabaya,1,1,1,0,1,1,1,1,1,1,1,1,0,0,"Makan, Berolahraga, Belajar, Mengambil Foto, Melihat Pemandangan, Berbelanja",1,1,1,0,1,0,0,1,1,0
Balai Pemuda Alun - Alun Surabaya,1,1,1,1,0,1,1,1,1,1,1,0,1,0,"Makan, Berolahraga, Mengambil Foto, Melihat Pemandangan, Berbelanja",1,1,0,0,1,0,0,1,1,0
Balai Pemuda Alun - Alun Surabaya,1,1,1,1,0,1,1,1,0,0,1,1,0,1,"Makan, Berolahraga, Belajar, Mengambil Foto",1,1,1,0,1,0,0,0,0,0